[Header]
TITLE,hc_sample_12232020_1p8_300K.dat
BYAPP,HeatCapacity,3.8.14,1.7
INFO,1,MASS:Sample Mass (mg)
INFO,,MASSERR:Sample Mass Error (mg)
INFO,,MOLWGHT:Formula Weight (g/mole)
INFO,,ATOMS:Atoms per Formula Unit
INFO,PPMS Heat Capacity Option 3.8.14 Build 19,APPNAME
DATATYPE,TIME,1
DATATYPE,COMMENT,2
STARTUPAXIS, X, 8, LINEAR, AUTO
STARTUPAXIS, Y1, 10, LINEAR, AUTO
[Data]
Time Stamp (Seconds),Comment (),System Status (Code),Puck Temp (Kelvin),System Temp (Kelvin),Field (Oersted),Pressure (Torr),Sample Temp (Kelvin),Temp Rise (Kelvin),Samp HC (µJ/K),Samp HC Err (µJ/K),Addenda HC (µJ/K),Addenda HC Err (µJ/K),Total HC (µJ/K),Total HC Err (µJ/K),Fit Deviation (ChiSquare),Time Const tau1 (seconds),Time Const tau2 (seconds),Sample Coupling (Percent),Debye Temp (Kelvin),Debye Temp Err (Kelvin),Cal Correction (Factor),Therm Resist (Ohms),Htr Resist (Ohms),Puck Resist (Ohms),Wire Cond (W/K),Meas Time (seconds),Temp Squared (K^2),Samp HC/Temp (µJ/K/K),Addenda Offset HC (µJ/K)
31059192.14,CALFILE: Puck967.cal - Addenda #129 measured on 12/23/2020 from 1.9147 to 302.39 K
31059192.28,,5905,1.89939,1.9013,-0.005,9.3E-6,1.916355,0.028203307,22.194085,0.03615,0.33150647,0.001959,22.525591,0.03615,0.99393064,9.9034838,0.0015652936,98.898555,0,0,1,,,,2.2991E-6,19.27578,3.6724165,11.581406,0
31059279.34,,5905,1.89942,1.9024,-0.005,9.3E-6,1.9168992,0.028974483,22.164359,0.0228,0.33168547,0.00196,22.496044,0.0228,0.1706499,10.048813,0.0016455824,98.860473,0,0,1,,,,2.2637E-6,19.80697,3.6745027,11.56261,0
31059366.45,,5905,1.89939,1.9028,-0.005,9.3E-6,1.9171518,0.029369126,22.2375,0.04194,0.33180551,0.00196,22.569306,0.04194,0.86940412,10.247569,0.0015907249,98.917331,0,0,1,,,,2.2258E-6,20.09763,3.6754712,11.599238,0
31059731.61,,5905,2.29172,2.2948,-0.005,9.3E-6,2.3045965,0.019241309,32.248166,0.1196,0.48954299,0.003052,32.737709,0.1196,0.87324576,7.2780099,0.0018309672,98.263673,0,0,1,,,,4.5753E-6,12.94208,5.3111649,13.992977,0
31059802.16,,5905,2.29179,2.2951,-0.005,9.3E-6,2.305773,0.02107254,32.605561,0.06758,0.49011666,0.003057,33.095678,0.06758,0.38059143,7.7713954,0.0018631494,98.330491,0,0,1,,,,4.3289E-6,14.55602,5.3165893,14.140837,0
31059876.95,,5905,2.29215,2.2937,-0.005,9.3E-6,2.3064827,0.022483986,32.604014,0.06662,0.49054826,0.00306,33.094562,0.06662,0.31960799,8.3880306,0.0025928046,97.83922,0,0,1,,,,4.03E-6,15.54279,5.3198626,14.135815,0
31060222.61,,5905,2.68124,2.6879,-0.005,9.3E-6,2.6951189,0.018447077,42.794329,0.2134,0.71253404,0.00456,43.506863,0.2134,0.45054159,6.6732537,0.0020532914,98.054528,0,0,1,,,,6.6448E-6,12.27836,7.2636659,15.878457,0
31060290.27,,5905,2.68192,2.6883,-0.005,9.3E-6,2.6963947,0.020050629,42.764272,0.107,0.71350881,0.004565,43.477781,0.107,0.16535855,7.2356519,0.0023242356,97.971434,0,0,1,,,,6.1292E-6,13.34651,7.2705444,15.859797,0
31060359.88,,5905,2.68232,2.6871,-0.005,9.3E-6,2.6976638,0.021720915,43.029116,0.08604,0.71450766,0.004571,43.743624,0.08604,0.74010555,7.9357564,0.0025050888,97.997739,0,0,1,,,,5.6212E-6,14.4713,7.2773898,15.950511,0
31060633.81,,5905,3.07269,3.0831,-0.005,9.2E-6,3.087678,0.022198929,53.68945,0.1687,1.0116462,0.005632,54.701096,0.1687,0.22838251,6.706616,0.0025099013,97.897217,0,0,1,,,,8.3251E-6,15.87151,9.5337555,17.388293,0
31060701.03,,5905,3.07325,3.0853,-0.005,9.3E-6,3.0877724,0.021579995,53.24962,0.1581,1.0122408,0.005633,54.261861,0.1581,0.23875551,7.7763488,0.0032418232,97.672493,0,0,1,,,,7.138E-6,13.41323,9.5343387,17.245319,0
31060774.03,,5905,3.07374,3.0833,-0.005,9.4E-6,3.0898038,0.024593343,53.25852,0.1001,1.0141549,0.005636,54.272675,0.1001,0.17018011,8.5024492,0.0029807368,98.052994,0,0,1,,,,6.5053E-6,15.5527,9.5468876,17.236861,0
31061052.13,,5905,3.46318,3.4772,-0.005,9.2E-6,3.4814047,0.026748401,63.552304,0.1713,1.404637,0.006202,64.956941,0.1713,0.40045621,7.9594473,0.0035677353,97.838474,0,0,1,,,,8.3337E-6,17.0049,12.120179,18.254788,0
31061126.69,,5905,3.46435,3.4766,-0.005,9.4E-6,3.4824556,0.027150583,63.368289,0.1424,1.4063912,0.006204,64.77468,0.1424,0.13921773,8.8926936,0.0033982517,98.170224,0,0,1,,,,7.414E-6,15.91889,12.127497,18.196439,0
31061206.36,,5905,3.46467,3.4785,-0.005,9.3E-6,3.4847619,0.03008336,63.656337,0.09378,1.4092531,0.006208,65.06559,0.09378,0.32030481,9.7443989,0.0033765337,98.339469,0,0,1,,,,6.7852E-6,17.78539,12.143565,18.267055,0
31061493.27,,5905,3.85501,3.873,-0.005,9.3E-6,3.8769493,0.033228728,73.477891,0.1398,1.8981576,0.007003,75.376048,0.1398,0.42383118,9.3084219,0.0050285717,97.75378,0,0,1,,,,8.2745E-6,19.4888,15.030736,18.952502,0
31061576.56,,5905,3.85565,3.8747,-0.005,9.2E-6,3.8785866,0.034026059,73.379444,0.1278,1.9011522,0.007008,75.280597,0.1278,0.43104117,10.256949,0.0042278751,98.299421,0,0,1,,,,7.4602E-6,18.61684,15.043434,18.91912,0
31061666.42,,5905,3.85676,3.875,-0.005,9.4E-6,3.8811038,0.037401349,73.546294,0.1138,1.9049677,0.007015,75.451262,0.1138,0.35791022,11.175344,0.0039099652,98.559618,0,0,1,,,,6.8454E-6,20.5139,15.062967,18.949839,0
31061964.3,,5905,4.24646,4.2567,-0.005,9.3E-6,4.2744952,0.041200634,82.933291,0.1415,2.4814186,0.008086,85.414709,0.1415,0.52388575,10.533368,0.0041847883,98.573481,0,0,1,,,,8.2196E-6,22.35069,18.27131,19.401891,0
31062054.11,,5905,4.24736,4.26,-0.005,9.3E-6,4.2755479,0.041798627,82.731033,0.09116,2.4841671,0.008091,85.2152,0.09116,0.4800562,11.700451,0.0045703359,98.602508,0,0,1,,,,7.3804E-6,21.06674,18.28031,19.349808,0
31062150.45,,5905,4.24797,4.2591,-0.005,9.3E-6,4.2781757,0.045996542,83.358067,0.0531,2.4890283,0.0081,85.847096,0.0531,0.32450606,12.85278,0.0046406113,98.702573,0,0,1,,,,6.7621E-6,23.4009,18.302787,19.484489,0
31062460.97,,5905,4.63765,4.6573,-0.005,9.3E-6,4.6702862,0.051419957,92.1111,0.1079,3.1528058,0.009101,95.263906,0.1079,0.20744968,12.393716,0.0058344584,98.509503,0,0,1,,,,7.7952E-6,25.70556,21.811573,19.722796,0
31062563.34,,5905,4.63828,4.6561,-0.005,9.2E-6,4.6719956,0.052517846,91.975511,0.0813,3.1572191,0.009106,95.13273,0.0813,0.68810119,13.44822,0.0055952064,98.688317,0,0,1,,,,7.1619E-6,24.78743,21.827543,19.686558,0
31062672.34,,5905,4.63904,4.6563,-0.005,9.2E-6,4.674865,0.056726479,92.177598,0.07841,3.1631278,0.009114,95.340726,0.07841,0.55801213,14.416706,0.0056046046,98.774943,0,0,1,,,,6.6899E-6,26.89644,21.854363,19.717703,0
31062994.61,,5905,5.02844,5.0523,-0.005,9.3E-6,5.0678419,0.061951647,101.70701,0.1585,3.9211418,0.009938,105.62816,0.1585,0.074747155,14.053858,0.0071314296,98.562657,0,0,1,,,,7.6176E-6,28.83341,25.683021,20.069098,0
31063106.61,,5905,5.03029,5.0566,-0.005,9.4E-6,5.0703458,0.063464296,101.48018,0.08549,3.9278488,0.009943,105.40803,0.08549,0.98779994,15.02917,0.0069520689,98.696032,0,0,1,,,,7.0995E-6,28.10772,25.708407,20.014449,0
31063224.44,,5905,5.03062,5.055,-0.005,9.2E-6,5.0734317,0.067600628,101.48765,0.07764,3.9347537,0.009948,105.4224,0.07764,1.4502703,15.81421,0.0067248268,98.804262,0,0,1,,,,6.7411E-6,30.05834,25.739709,20.003748,0
31063552.55,,5905,5.42107,5.443,-0.005,9.3E-6,5.4663231,0.072331669,111.1521,0.1298,4.7874705,0.01085,115.93957,0.1298,0.1408038,15.198257,0.00791777,98.669124,0,0,1,,,,7.7231E-6,31.62842,29.880688,20.333979,0
31063670.09,,5905,5.42231,5.4446,-0.005,9.4E-6,5.4682509,0.073046468,111.00109,0.08737,4.793535,0.01086,115.79462,0.08737,1.6613948,16.050359,0.0076704304,98.783274,0,0,1,,,,7.2962E-6,30.39651,29.901768,20.299195,0
31063793.36,,5905,5.42282,5.4442,-0.005,9.3E-6,5.4709674,0.076949393,110.98573,0.07635,4.8003044,0.01088,115.78604,0.07635,0.55928491,16.714635,0.0073570356,98.8819,0,0,1,,,,6.9992E-6,32.10072,29.931484,20.286308,0
31064129.19,,5905,5.81197,5.8356,-0.005,9.2E-6,5.8618709,0.081379371,121.15367,0.1288,5.7628451,0.01346,126.91651,0.1288,0.15525681,16.187896,0.0085573976,98.767879,0,0,1,,,,7.9294E-6,33.42927,34.36153,20.668089,0
31064252.67,,5905,5.81383,5.8385,-0.005,9.2E-6,5.8640564,0.08213969,121.11561,0.132,5.7703678,0.01348,126.88598,0.132,2.951372,16.946173,0.0091535284,98.74261,0,0,1,,,,7.5745E-6,32.37579,34.387158,20.653895,0
31064382.03,,5905,5.81411,5.8386,-0.005,9.2E-6,5.8667482,0.08593902,120.97464,0.05372,5.7783769,0.0135,126.75302,0.05372,0.6860351,17.539933,0.0080814561,98.931635,0,0,1,,,,7.2977E-6,33.89235,34.418734,20.620391,0
31064721.97,,5905,6.20353,6.2287,-0.005,9.3E-6,6.2584519,0.090106017,131.37072,0.1724,6.8394158,0.0171,138.21014,0.1724,0.035013669,16.885696,0.0091361958,98.838786,0,0,1,,,,8.272E-6,35.07987,39.16822,20.990929,0
31064850.5,,5905,6.20538,6.2307,-0.005,9.3E-6,6.2602779,0.090712893,131.28963,0.08273,6.8474458,0.01713,138.13707,0.08273,0.72911878,17.685863,0.0096814654,98.82694,0,0,1,,,,7.8944E-6,33.77139,39.191079,20.971853,0
31064983.55,,5905,6.20596,6.2322,-0.005,9.2E-6,6.2631853,0.094455713,131.54299,0.1195,6.8558952,0.01716,138.39888,0.1195,0.430399,18.217,0.0088473063,98.959746,0,0,1,,,,7.6694E-6,35.37173,39.22749,21.00257,0
31065325.09,,5905,6.59435,6.6218,-0.005,9.3E-6,6.6526361,0.09828059,143.52622,0.1513,8.0044347,0.02141,151.53065,0.1513,0.15750506,17.905231,0.010386484,98.829694,0,0,1,,,,8.5529E-6,36.434,44.257567,21.574338,0
31065459.13,,5905,6.59611,6.6214,-0.005,9.3E-6,6.6554641,0.099616583,143.46654,0.1126,8.0153697,0.02144,151.48191,0.1126,1.8976417,18.472723,0.010285029,98.878965,0,0,1,,,,8.2837E-6,35.81046,44.295203,21.556204,0
31065596.5,,5905,6.59632,6.6233,-0.005,9.4E-6,6.6580303,0.10281126,143.42208,0.09879,8.0242229,0.02146,151.4463,0.09879,0.6063268,18.973341,0.0099612705,98.9448,0,0,1,,,,8.0584E-6,36.94545,44.329368,21.541217,0
31065949.91,,5905,6.98633,7.0145,-0.005,9.2E-6,7.0485237,0.10572957,158.29031,0.1854,9.2891592,0.02226,167.57947,0.1854,0.31202932,19.005491,0.011718131,98.811291,0,0,1,,,,8.9121E-6,37.94668,49.681686,22.457229,0
31066090.25,,5905,6.98844,7.0189,-0.005,9.3E-6,7.0519949,0.10809873,158.36293,0.1485,9.3025938,0.02225,167.66553,0.1485,3.1901979,19.502507,0.011236203,98.890907,0,0,1,,,,8.6832E-6,38.01098,49.730632,22.456473,0
31066234.7,,5905,6.98897,7.0196,-0.005,9.2E-6,7.0544831,0.11114656,158.39731,0.156,9.312021,0.02224,167.70933,0.156,1.0621558,20.015613,0.011136955,98.929977,0,0,1,,,,8.4598E-6,39.00501,49.765732,22.453425,0
31066719.86,,5905,7.37903,7.4096,-0.005,9.3E-6,7.4509124,0.11661657,128.76921,0.05336,10.708697,0.02111,139.47791,0.05336,0.95677202,15.521474,0.012502397,98.854321,0,0,1,,,,9.075E-6,30.30111,55.516095,17.282342,0
31066839.7,,5905,7.37987,7.4103,-0.005,9.4E-6,7.4532758,0.11933255,128.97415,0.06438,10.717594,0.02111,139.69175,0.06438,0.18661023,15.794607,0.012213126,98.899832,0,0,1,,,,8.9282E-6,31.04295,55.55132,17.304358,0
31066961.39,,5905,7.38052,7.4135,-0.005,9.2E-6,7.4547917,0.12156275,128.86159,0.06575,10.724767,0.02111,139.58636,0.06575,0.19271309,16.093906,0.012323577,98.912049,0,0,1,,,,8.7546E-6,31.58921,55.57392,17.28574,0
31067287.08,,5905,7.76906,7.7995,-0.005,9.3E-6,7.8451293,0.12700046,133.78683,0.1201,12.192704,0.02199,145.97953,0.1201,0.15955325,15.249783,0.014036503,98.787492,0,0,1,,,,9.6713E-6,32.18781,61.546054,17.053489,0
31067405.5,,5905,7.77078,7.8013,-0.005,9.2E-6,7.8468156,0.12514822,133.78539,0.08396,12.202347,0.022,145.98774,0.08396,0.97518749,15.457488,0.013293103,98.868534,0,0,1,,,,9.5353E-6,30.49957,61.572516,17.049641,0
31067525.55,,5905,7.77185,7.8021,-0.005,9.3E-6,7.8489529,0.12732857,133.77772,0.0908,12.210747,0.02201,145.98846,0.0908,2.4838975,15.743098,0.013185844,98.898943,0,0,1,,,,9.3599E-6,30.91498,61.606061,17.044021,0
31067850.31,,5905,8.15947,8.1906,-0.005,9.3E-6,8.2386079,0.13215722,140.15451,0.1443,13.778331,0.02422,153.93284,0.1443,0.16897206,15.179203,0.014774079,98.796104,0,0,1,,,,1.0244E-5,31.4862,67.87466,17.011916,0
31067968.22,,5905,8.16129,8.193,-0.005,9.3E-6,8.2407109,0.13177185,140.0546,0.1048,13.789588,0.02424,153.84419,0.1048,6.3907017,15.432945,0.014357779,98.851138,0,0,1,,,,1.0065E-5,30.35841,67.909316,16.995451,0
31068089.13,,5905,8.16248,8.1947,-0.005,9.3E-6,8.2431462,0.13422442,140.05187,0.09903,13.799795,0.02426,153.85167,0.09903,1.0878037,15.69885,0.014050892,98.89576,0,0,1,,,,9.8909E-6,30.86589,67.949459,16.990099,0
31068415.45,,5905,8.55096,8.5867,-0.005,9.2E-6,8.632861,0.13898317,146.76042,0.181,15.47693,0.02876,162.23735,0.181,0.072556913,15.285173,0.015865661,98.787766,0,0,1,,,,1.0721E-5,31.3977,74.526288,17.000207,0
31068532.81,,5905,8.55375,8.5908,-0.005,9.3E-6,8.6360298,0.13956289,146.56806,0.1137,15.494274,0.02882,162.06233,0.1137,2.9605489,15.54839,0.015204661,98.860733,0,0,1,,,,1.0521E-5,30.57035,74.581011,16.971694,0
31068652.23,,5905,8.55474,8.5908,-0.005,9.3E-6,8.6385416,0.14208296,146.82654,0.1168,15.505796,0.02886,162.33234,0.1168,2.305625,15.876712,0.015501421,98.861581,0,0,1,,,,1.0321E-5,31.09678,74.624401,16.996682,0
31068976.5,,5905,8.94175,8.9801,-0.005,9.4E-6,9.0267011,0.14673715,154.50214,0.1677,17.283587,0.03518,171.78573,0.1677,0.44332265,15.601255,0.01698407,98.787785,0,0,1,,,,1.112E-5,31.75342,81.481333,17.116125,0
31069096.61,,5905,8.94466,8.9838,-0.005,9.4E-6,9.0309514,0.14781091,154.20031,0.1197,17.304732,0.03525,171.50504,0.1197,2.7091812,15.768863,0.016149901,98.863019,0,0,1,,,,1.0977E-5,31.20251,81.558083,17.074647,0
31069218.13,,5905,8.94523,8.9828,-0.005,9.2E-6,9.0331167,0.14984484,154.36551,0.1216,17.317013,0.03529,171.68252,0.1216,0.69544682,16.036871,0.01572597,98.911384,0,0,1,,,,1.0801E-5,31.53773,81.597197,17.088842,0
31069548.03,,5905,9.3338,9.372,-0.005,9.3E-6,9.4225933,0.15420603,162.98106,0.1496,19.204979,0.03935,182.18604,0.1496,0.34481696,15.968732,0.017715712,98.815062,0,0,1,,,,1.1519E-5,32.07374,88.785264,17.296837,0
31069672,,5905,9.33643,9.3742,-0.005,9.2E-6,9.4269833,0.15649706,162.76616,0.1027,19.228827,0.03938,181.99498,0.1027,20.309316,16.159032,0.016976728,98.880589,0,0,1,,,,1.1365E-5,31.93746,88.868014,17.265986,0
31069796.02,,5905,9.33758,9.3767,-0.005,9.4E-6,9.4294236,0.15875498,162.55437,0.1139,19.243191,0.03939,181.79757,0.1139,7.2165395,16.377679,0.017036064,98.893559,0,0,1,,,,1.12E-5,32.31806,88.914029,17.239057,0
31070123.56,,5905,9.72613,9.7635,-0.005,9.3E-6,9.8188907,0.16280375,171.63801,0.1872,21.243681,0.04035,192.88169,0.1872,0.32473799,16.386059,0.019151259,98.798995,0,0,1,,,,1.1885E-5,32.75536,96.410615,17.480387,0
31070247.84,,5905,9.72839,9.766,-0.005,9.4E-6,9.8234056,0.16563818,171.62433,0.14,21.269789,0.04035,192.89412,0.14,2.7462628,16.571512,0.0182195,98.871863,0,0,1,,,,1.1745E-5,32.77212,96.499299,17.470961,0
31070374.28,,5905,9.72987,9.7654,-0.005,9.3E-6,9.8262133,0.16781513,171.50267,0.1465,21.283947,0.04035,192.78662,0.1465,1.5406003,16.767436,0.017900566,98.905964,0,0,1,,,,1.1598E-5,33.14302,96.554467,17.453587,0
31071006.28,,5905,10.1211,10.131,-0.005,9.3E-6,10.218441,0.17428078,181.01394,0.1448,23.402747,0.04049,204.41669,0.1448,0.36384956,17.346771,0.018586534,98.936621,0,0,1,,,,1.1884E-5,33.53487,104.41653,17.714439,0
31071138.11,,5905,10.1195,10.1333,-0.005,9.3E-6,10.221595,0.18052245,180.95875,0.1632,23.421604,0.04049,204.38036,0.1632,0.18649836,17.525204,0.018004715,98.981538,0,0,1,,,,1.1756E-5,34.69354,104.481,17.703573,0
31071273.13,,5905,10.1208,10.134,-0.005,9.4E-6,10.223128,0.18231754,181.35891,0.1767,23.42974,0.0405,204.78865,0.1767,0.60471824,17.793055,0.019091456,98.934496,0,0,1,,,,1.1607E-5,35.05041,104.51234,17.740061,0
31071617.64,,5905,10.5123,10.526,-0.005,9.2E-6,10.615714,0.18643268,191.0429,0.1699,25.630882,0.04138,216.67378,0.1699,2.6798582,17.737636,0.019657604,98.931045,0,0,1,,,,1.2318E-5,35.58611,112.69337,17.996237,0
31071752.13,,5905,10.5133,10.5262,-0.005,9.4E-6,10.618007,0.18860932,191.57563,0.177,25.646724,0.04138,217.22235,0.177,1.0275845,17.978023,0.020240272,98.912153,0,0,1,,,,1.2186E-5,35.47527,112.74207,18.042522,0
31071886.88,,5905,10.5123,10.5285,-0.005,9.4E-6,10.61955,0.1900739,191.30338,0.1959,25.655706,0.04139,216.95908,0.1959,0.87533502,17.871274,0.019835581,98.929097,0,0,1,,,,1.2242E-5,35.95605,112.77483,18.014265,0
31072231.45,,5905,10.9043,10.9109,-0.005,9.2E-6,11.01128,0.19295275,202.29669,0.2128,27.942434,0.04234,230.23913,0.2128,5.5807288,18.316613,0.022125352,98.86007,0,0,1,,,,1.2682E-5,35.74255,121.2483,18.371768,0
31072369.3,,5905,10.9049,10.9108,-0.005,9.3E-6,11.015354,0.198486,202.31078,0.1736,27.966835,0.04235,230.27761,0.1736,0.84155914,18.373184,0.020371016,98.954879,0,0,1,,,,1.2636E-5,36.63323,121.33801,18.366254,0
31072506.83,,5905,10.9061,10.9109,-0.005,9.4E-6,11.016138,0.19969871,202.43527,0.1997,27.973676,0.04236,230.40895,0.1997,0.49673217,18.601018,0.020486133,98.961593,0,0,1,,,,1.2487E-5,36.74637,121.3553,18.376246,0
31072856.73,,5905,11.2957,11.3019,-0.005,9.3E-6,11.406823,0.20314221,214.40703,0.2057,30.357585,0.044,244.76462,0.2057,20.289618,18.817095,0.02213612,98.910817,0,0,1,,,,1.3118E-5,37.20204,130.1156,18.796385,0
31072997.63,,5905,11.2964,11.302,-0.005,9.3E-6,11.410306,0.20765748,214.1737,0.2068,30.383145,0.04403,244.55684,0.2068,0.44018826,18.970156,0.021354738,98.959539,0,0,1,,,,1.2996E-5,37.63419,130.19509,18.770197,0
31073138.61,,5905,11.2971,11.3025,-0.005,9.2E-6,11.411919,0.20947725,214.40283,0.2057,30.395791,0.04404,244.79862,0.2057,0.491241,19.168327,0.021747309,98.950799,0,0,1,,,,1.2875E-5,37.94031,130.2319,18.787622,0
31073490.75,,5905,11.6861,11.6949,-0.005,9.2E-6,11.80319,0.21308036,226.3642,0.2123,32.909982,0.04705,259.27419,0.2123,4.2015691,19.438163,0.022291904,98.959423,0,0,1,,,,1.3445E-5,38.33665,139.3153,19.178222,0
31073632.84,,5905,11.6878,11.6962,-0.005,9.3E-6,11.806436,0.21803823,226.47685,0.2297,32.935759,0.04709,259.41261,0.2297,0.43514921,19.592491,0.022034491,98.979871,0,0,1,,,,1.3345E-5,38.87633,139.39193,19.182491,0
31073777.97,,5905,11.6881,11.6949,-0.005,9.3E-6,11.807681,0.21998299,226.56981,0.2229,32.94295,0.0471,259.51276,0.2229,0.55924689,19.796923,0.022185206,98.983372,0,0,1,,,,1.3211E-5,39.18498,139.42134,19.18834,0
31074134.36,,5905,12.0779,12.0929,-0.005,9.3E-6,12.198961,0.22323308,240.42049,0.2909,35.582052,0.05123,276.00254,0.2909,0.96973314,20.348699,0.024372408,98.927426,0,0,1,,,,1.3675E-5,39.59385,148.81465,19.708276,0
31074283.39,,5905,12.0803,12.0938,-0.005,9.2E-6,12.20483,0.22976619,240.46611,0.2574,35.622795,0.05129,276.0889,0.2574,1.7566277,20.362778,0.022854081,98.996021,0,0,1,,,,1.3663E-5,40.6974,148.95789,19.702536,0
31074433.3,,5905,12.0797,12.0948,-0.005,9.4E-6,12.20528,0.23068673,240.55572,0.2813,35.627969,0.0513,276.18369,0.2813,0.41130422,20.541535,0.023441989,98.97889,0,0,1,,,,1.355E-5,40.72556,148.96886,19.709152,0
31074795.41,,5905,12.4685,12.4849,-0.005,9.3E-6,12.595671,0.23267331,256.24084,0.3077,38.356711,0.05566,294.59755,0.3077,2.5058253,21.142803,0.024977212,98.951142,0,0,1,,,,1.4046E-5,41.08307,158.65093,20.343564,0
31074949.83,,5905,12.4702,12.4854,-0.005,9.3E-6,12.60114,0.24038,256.32542,0.3014,38.398,0.05572,294.72342,0.3014,1.0464052,21.28467,0.024720976,98.969492,0,0,1,,,,1.3956E-5,42.28561,158.78873,20.341447,0
31075105.36,,5905,12.4705,12.486,-0.005,9.2E-6,12.602837,0.24169552,256.42152,0.3008,38.406751,0.05574,294.82827,0.3008,0.60627975,21.314541,0.02324032,99.032788,0,0,1,,,,1.3935E-5,42.56934,158.83151,20.346332,0
31075473.06,,5905,12.8606,12.8779,-0.005,9.3E-6,12.991968,0.24230194,274.01092,0.3451,41.204646,0.05957,315.21557,0.3451,13.72705,22.153872,0.026113588,98.957051,0,0,1,,,,1.4342E-5,42.62908,168.79124,21.090793,0
31075633.36,,5905,12.8626,12.8781,-0.005,9.3E-6,12.998647,0.25117563,274.46657,0.3636,41.255956,0.05963,315.72253,0.3636,1.1407185,22.214736,0.024862191,99.009717,0,0,1,,,,1.432E-5,44.30774,168.96482,21.115011,0
31075793.72,,5905,12.8631,12.8788,-0.005,9.3E-6,12.999991,0.25211868,274.26918,0.3629,41.262368,0.05964,315.53155,0.3629,1.1512625,22.244794,0.024560736,99.023752,0,0,1,,,,1.429E-5,44.42947,168.99976,21.097644,0
31076166.59,,5905,13.2531,13.2703,-0.005,9.4E-6,13.388986,0.25110207,296.80915,0.4879,44.145414,0.06312,340.95457,0.4879,2.3914668,23.472233,0.027255563,98.964192,0,0,1,,,,1.4641E-5,44.48959,179.26496,22.168157,0
31076333.69,,5905,13.2534,13.2712,-0.005,9.3E-6,13.396943,0.26231999,297.09502,0.4804,44.203686,0.06319,341.2987,0.4804,1.3280682,23.361619,0.023949112,99.086372,0,0,1,,,,1.4712E-5,46.94447,179.47808,22.176329,0
31076501.03,,5905,13.2542,13.2719,-0.005,9.3E-6,13.39731,0.26196091,297.46226,0.4889,44.207423,0.06319,341.66969,0.4889,1.36429,23.488468,0.025057617,99.048239,0,0,1,,,,1.4652E-5,46.72324,179.48792,22.203133,0
31076884.64,,5905,13.6441,13.6597,-0.005,9.3E-6,13.784967,0.25646008,331.09735,0.7786,47.169191,0.06676,378.26654,0.7786,13.345161,25.271218,0.027406168,99.001059,0,0,1,,,,1.5084E-5,46.97694,190.02531,24.018727,0
31077062.63,,5905,13.6446,13.6603,-0.005,9.4E-6,13.794615,0.27103234,332.36342,0.8292,47.242201,0.06685,379.60562,0.8292,2.3924682,25.252389,0.025009183,99.08661,0,0,1,,,,1.5139E-5,50.54244,190.2914,24.093708,0
31077242.28,,5905,13.6461,13.6621,-0.005,9.2E-6,13.795105,0.27165954,332.36354,0.8331,47.247764,0.06685,379.6113,0.8331,1.5566318,25.402379,0.025409041,99.077522,0,0,1,,,,1.5051E-5,50.50478,190.30492,24.09286,0
31077638.14,,5905,14.0358,14.0509,-0.005,9.2E-6,14.180703,0.31378204,270.60704,11.86,50.296064,0.07095,320.90311,11.86,48615.597,22.088882,0,100,0,0,1,,,,1.4528E-5,50.80476,201.09233,19.082767,0
31077820.56,,5905,14.0365,14.0527,-0.005,9.4E-6,14.170085,0.30030178,272.30276,9.125,50.241483,0.07087,322.54424,9.125,1858.0731,23.843144,0.076348681,97.538427,0,0,1,,,,1.3772E-5,44.17776,200.7913,19.216735,0
31078017.95,,5905,14.0372,14.0517,-0.005,9.2E-6,14.180018,0.30763285,269.4383,11.6,50.298554,0.07095,319.73685,11.6,972.65405,21.922948,0,100,0,0,1,,,,1.4585E-5,47.68629,201.07291,19.001266,0
31078514.91,,5905,14.4274,14.4516,-0.005,9.4E-6,14.583097,0.29526651,159.29927,0.183,53.55643,0.07616,212.85569,0.183,14.210526,13.801297,0.033179354,98.721214,0,0,1,,,,1.5535E-5,27.60805,212.66672,10.923555,0
31078625.27,,5905,14.4288,14.4515,-0.005,9.3E-6,14.584297,0.29601794,159.29983,0.1845,53.566501,0.07618,212.86633,0.1845,2.5966096,13.78089,0.032829322,98.732969,0,0,1,,,,1.5558E-5,27.60259,212.70172,10.922695,0
31078735.52,,5905,14.4288,14.451,-0.005,9.3E-6,14.584381,0.29573392,159.4604,0.1829,53.566618,0.07618,213.02702,0.1829,1.5819604,13.784546,0.031557945,98.781823,0,0,1,,,,1.5561E-5,27.56178,212.70416,10.933642,0
31079050.31,,5905,14.817,14.8433,-0.005,9.3E-6,14.982637,0.30858504,151.90878,0.1297,56.88854,0.08203,208.79732,0.1297,0.11596625,13.126557,0.033814611,98.699341,0,0,1,,,,1.6018E-5,27.56909,224.4794,10.138989,0
31079156.14,,5905,14.8182,14.8443,-0.005,9.3E-6,14.982863,0.3037566,151.86934,0.1,56.894882,0.08205,208.76422,0.1,0.43362284,13.070952,0.032281436,98.753294,0,0,1,,,,1.6079E-5,26.25311,224.48617,10.136203,0
31079262.63,,5905,14.8198,14.8426,-0.005,9.2E-6,14.984659,0.30310143,151.64299,0.09327,56.907905,0.08207,208.55089,0.09327,0.26384776,13.013487,0.030722713,98.809245,0,0,1,,,,1.6128E-5,26.1419,224.54,10.119883,0
31079572.7,,5905,15.2104,15.233,-0.005,9.3E-6,15.378339,0.31192471,149.60091,0.1223,60.280506,0.08793,209.88141,0.1223,0.51351124,12.798165,0.033368488,98.726062,0,0,1,,,,1.6507E-5,26.02697,236.49332,9.7280276,0
31079676.27,,5905,15.2099,15.2325,-0.005,9.3E-6,15.380613,0.31219347,149.47937,0.1148,60.310367,0.08798,209.78974,0.1148,0.37568808,12.764945,0.032271342,98.765455,0,0,1,,,,1.6539E-5,25.59633,236.56325,9.7186878,0
31079779.78,,5905,15.2116,15.2324,-0.005,9.3E-6,15.380442,0.31169684,149.46274,0.118,60.307557,0.08798,209.7703,0.118,0.10765938,12.730251,0.031745052,98.782318,0,0,1,,,,1.6581E-5,25.52989,236.558,9.7177142,0
31080087.84,,5905,15.6,15.6219,-0.005,9.3E-6,15.771575,0.31901396,149.15586,0.1458,63.731545,0.09326,212.8874,0.1458,0.42573853,12.644812,0.034121779,98.713662,0,0,1,,,,1.6944E-5,25.4605,248.74256,9.4572584,0
31080189.39,,5905,15.6013,15.6236,-0.005,9.3E-6,15.774996,0.32086743,149.11765,0.1255,63.761206,0.0933,212.87885,0.1255,1.9952647,12.572962,0.032131486,98.782124,0,0,1,,,,1.7034E-5,25.28962,248.85049,9.4527854,0
31080291.11,,5905,15.6031,15.6244,-0.005,9.3E-6,15.776056,0.3202033,149.13868,0.1272,63.770434,0.09331,212.90912,0.1272,1.1452042,12.592104,0.032351647,98.775645,0,0,1,,,,1.7011E-5,25.14592,248.88393,9.4534838,0
31080596.67,,5905,15.9906,16.0219,-0.005,9.2E-6,16.164089,0.32664692,150.17429,0.1545,67.238961,0.0976,217.41325,0.1545,1.4059037,12.590169,0.035429202,98.683392,0,0,1,,,,1.7379E-5,25.18421,261.27778,9.2906123,0
31080698.75,,5905,15.9916,16.0241,-0.005,9.3E-6,16.169693,0.3301775,150.16935,0.1361,67.290979,0.09766,217.46033,0.1361,6.6221489,12.543349,0.033199275,98.762009,0,0,1,,,,1.7441E-5,25.18034,261.45896,9.2870877,0
31080801.31,,5905,15.9934,16.0267,-0.005,9.3E-6,16.171508,0.32944574,150.19439,0.1403,67.306858,0.09767,217.50125,0.1403,8.2817473,12.540994,0.033866889,98.736922,0,0,1,,,,1.7449E-5,25.0867,261.51768,9.2875934,0
31081106.91,,5905,16.3818,16.4156,-0.005,9.4E-6,16.561255,0.33518701,151.93039,0.1763,70.867792,0.1014,222.79818,0.1763,0.72014925,12.59338,0.035738142,98.692766,0,0,1,,,,1.7801E-5,25.08199,274.27517,9.173845,0
31081210.45,,5905,16.3854,16.4149,-0.005,9.2E-6,16.566744,0.33936446,152.199,0.1593,70.921728,0.1014,223.12073,0.1593,15.528722,12.576597,0.034996164,98.717699,0,0,1,,,,1.7848E-5,25.18676,274.457,9.1870195,0
31081313.69,,5905,16.3847,16.4133,-0.005,9.2E-6,16.568459,0.33851802,151.99694,0.1505,70.933734,0.1014,222.93067,0.1505,1.279166,12.485568,0.032796829,98.790146,0,0,1,,,,1.7957E-5,25.15319,274.51384,9.1738729,0
31081618.63,,5905,16.7748,16.7993,-0.005,9.2E-6,16.957726,0.34222052,154.65336,0.1677,74.564101,0.105,229.21746,0.1677,2.4918638,12.592566,0.035991986,98.699166,0,0,1,,,,1.8312E-5,24.97114,287.56447,9.1199352,0
31081722.31,,5905,16.7762,16.8017,-0.005,9.3E-6,16.96401,0.34740606,154.5672,0.1614,74.62623,0.1051,229.19343,0.1614,3.2346755,12.539344,0.034124388,98.761982,0,0,1,,,,1.8382E-5,25.18513,287.77762,9.1114783,0
31081824.7,,5905,16.7758,16.8028,-0.005,9.4E-6,16.964164,0.34629096,154.86793,0.1599,74.627192,0.1051,229.49513,0.1599,2.3178986,12.555988,0.034612081,98.745107,0,0,1,,,,1.8384E-5,25.07869,287.78285,9.1291228,0
31082129.13,,5905,17.166,17.1897,-0.005,9.3E-6,17.353215,0.35100252,157.68326,0.1773,78.326373,0.1092,236.00964,0.1773,2.1142283,12.65094,0.035981753,98.718976,0,0,1,,,,1.8764E-5,25.11198,301.13407,9.0866887,0
31082231.47,,5905,17.1669,17.1905,-0.005,9.4E-6,17.358107,0.35609125,157.61607,0.1684,78.37679,0.1092,235.99286,0.1684,4.4512895,12.608281,0.034831562,98.756142,0,0,1,,,,1.8823E-5,25.30188,301.30388,9.0802568,0
31082334.08,,5905,17.1693,17.1911,-0.005,9.3E-6,17.358979,0.35573852,157.7031,0.1685,78.385533,0.1092,236.08864,0.1685,8.015368,12.626263,0.035540051,98.732486,0,0,1,,,,1.8806E-5,25.21656,301.33415,9.0848145,0
31082640.67,,5905,17.5562,17.585,-0.005,9.3E-6,17.748317,0.35943577,161.13524,0.189,82.155339,0.1141,243.29058,0.189,1.7566298,12.761907,0.038404967,98.656583,0,0,1,,,,1.9178E-5,25.25253,315.00275,9.0789025,0
31082743.78,,5905,17.5604,17.5852,-0.005,9.2E-6,17.754179,0.36539748,161.13758,0.181,82.216787,0.1142,243.35437,0.181,2.2645328,12.720961,0.036575593,98.716683,0,0,1,,,,1.924E-5,25.52381,315.21086,9.0760368,0
31082845.89,,5905,17.5601,17.5855,-0.005,9.4E-6,17.755489,0.36477503,161.08167,0.1819,82.228114,0.1142,243.30978,0.1819,0.96337928,12.697275,0.036151588,98.72938,0,0,1,,,,1.9271E-5,25.44192,315.2574,9.0722178,0
31083152.09,,5905,17.9493,17.9763,-0.005,9.3E-6,18.143447,0.36740882,164.92483,0.1903,86.049397,0.1195,250.97423,0.1903,50.678736,12.866983,0.038389982,98.678061,0,0,1,,,,1.9618E-5,25.39455,329.18469,9.0900493,0
31083256.52,,5905,17.9508,17.9769,-0.005,9.3E-6,18.150117,0.37393929,164.89967,0.1949,86.105814,0.1196,251.00548,0.1949,4.3843629,12.822428,0.037579613,98.701768,0,0,1,,,,1.9687E-5,25.73397,329.42674,9.0853225,0
31083360.78,,5905,17.9507,17.9753,-0.005,9.2E-6,18.150362,0.37324566,164.98701,0.1953,86.106864,0.1196,251.09388,0.1953,0.92846121,12.813872,0.036481799,98.738582,0,0,1,,,,1.9704E-5,25.64486,329.43565,9.0900123,0
31083671.5,,5905,18.3413,18.3698,-0.005,9.4E-6,18.539872,0.37595658,168.9625,0.2087,90.013957,0.1253,258.97646,0.2087,1.9143303,12.986244,0.039151808,98.673033,0,0,1,,,,2.0057E-5,25.62774,343.72684,9.1134665,0
31083776.53,,5905,18.3418,18.3713,-0.005,9.3E-6,18.545742,0.38209591,169.12739,0.1992,90.077879,0.1254,259.20527,0.1992,3.117882,12.938567,0.038016802,98.706586,0,0,1,,,,2.0146E-5,25.97249,343.94453,9.1194729,0
31083881.19,,5905,18.343,18.3722,-0.005,9.3E-6,18.546628,0.38186319,169.07183,0.2019,90.086871,0.1254,259.1587,0.2019,2.202304,12.949941,0.037904274,98.711711,0,0,1,,,,2.0124E-5,25.87713,343.97741,9.1160412,0
31084189.41,,5905,18.7319,18.7624,-0.005,9.3E-6,18.933858,0.38443224,173.24271,0.2098,94.04743,0.1317,267.29014,0.2098,3.8051774,13.13803,0.041075291,98.631974,0,0,1,,,,2.0464E-5,25.89988,358.49097,9.1498896,0
31084293.83,,5905,18.7344,18.7615,-0.005,9.2E-6,18.940596,0.39139424,173.19608,0.2067,94.12204,0.1318,267.31812,0.2067,4.0186239,13.082979,0.039307622,98.685657,0,0,1,,,,2.0547E-5,26.27606,358.74618,9.1441727,0
31084398.83,,5905,18.7351,18.7632,-0.005,9.3E-6,18.941294,0.3907727,173.20628,0.2026,94.128265,0.1318,267.33454,0.2026,6.504917,13.08356,0.038571576,98.71028,0,0,1,,,,2.0545E-5,26.16596,358.77262,9.144374,0
31084710.3,,5905,19.1219,19.1556,-0.005,9.3E-6,19.328933,0.3929628,177.46656,0.2312,98.174759,0.1388,275.64132,0.2312,1.8230307,13.292728,0.041868944,98.629555,0,0,1,,,,2.0856E-5,26.16712,373.60766,9.1813944,0
31084816.08,,5905,19.1254,19.1568,-0.005,9.3E-6,19.335423,0.4004512,177.46877,0.2185,98.249088,0.1389,275.71786,0.2185,2.6428337,13.23567,0.04049819,98.668916,0,0,1,,,,2.0948E-5,26.58546,373.85858,9.1784274,0
31084922.13,,5905,19.1269,19.1576,-0.005,9.4E-6,19.337147,0.39957508,177.50939,0.219,98.266226,0.1389,275.77562,0.219,1.8922145,13.235553,0.040422141,98.671378,0,0,1,,,,2.0953E-5,26.47134,373.92526,9.1797093,0
31085232.55,,5905,19.5147,19.5473,-0.005,9.4E-6,19.72375,0.40135143,181.81631,0.2411,102.39283,0.147,284.20914,0.2411,1.1345496,13.421267,0.041872884,98.649558,0,0,1,,,,2.1295E-5,26.47111,389.0263,9.2181413,0
31085340.42,,5905,19.5172,19.5496,-0.005,9.3E-6,19.729969,0.40869172,182.12611,0.2301,102.4506,0.1471,284.57671,0.2301,7.1912478,13.409527,0.041279102,98.667066,0,0,1,,,,2.134E-5,26.84253,389.27167,9.2309377,0
31085448.63,,5905,19.5177,19.5504,-0.005,9.2E-6,19.731482,0.4083294,182.08343,0.2356,102.46582,0.1471,284.54925,0.2356,1.4116619,13.387032,0.041260792,98.665569,0,0,1,,,,2.1374E-5,26.81905,389.33139,9.2280665,0
31085757.58,,5905,19.9063,19.9334,-0.005,9.4E-6,20.118865,0.40944889,186.85931,0.2567,106.7081,0.1569,293.56741,0.2567,1.9354431,13.607273,0.043829698,98.611374,0,0,1,,,,2.1698E-5,26.77406,404.76872,9.2877661,0
31085867.5,,5905,19.9078,19.9361,-0.005,9.3E-6,20.125476,0.41721769,187.01548,0.249,106.7886,0.1571,293.80408,0.249,4.2240148,13.573941,0.042853464,98.638871,0,0,1,,,,2.1766E-5,27.21455,405.03479,9.2924747,0
31085976.34,,5905,19.909,19.9344,-0.005,9.3E-6,20.125828,0.41656571,187.13504,0.2461,106.79206,0.1571,293.9271,0.2461,2.4267402,13.58234,0.042977548,98.635549,0,0,1,,,,2.1762E-5,27.14788,405.04894,9.298253,0
31086289.2,,5905,20.2985,20.3279,-0.005,9.4E-6,20.516133,0.4175977,192.14537,0.2686,111.15068,0.1678,303.29604,0.2686,1.9680421,13.775923,0.04484646,98.601607,0,0,1,,,,2.2142E-5,27.16468,420.91172,9.3655741,0
31086399.41,,5905,20.3019,20.329,-0.005,9.2E-6,20.522642,0.42532906,192.14121,0.2636,111.23178,0.168,303.37299,0.2636,4.1882728,13.751246,0.043991619,98.626022,0,0,1,,,,2.2185E-5,27.55185,421.17883,9.3624012,0
31086508.69,,5905,20.3021,20.329,-0.005,9.3E-6,20.523306,0.42485115,192.24416,0.269,111.23805,0.168,303.48221,0.269,1.2141823,13.73402,0.043872631,98.627834,0,0,1,,,,2.2221E-5,27.50249,421.20607,9.3671147,0
31086822.53,,5905,20.687,20.7243,-0.005,9.3E-6,20.903464,0.42480017,197.41305,0.2787,115.54217,0.1783,312.95522,0.2787,2.9965806,13.957204,0.046463701,98.574627,0,0,1,,,,2.2552E-5,27.46804,436.95482,9.4440351,0
31086932.66,,5905,20.6902,20.7279,-0.005,9.2E-6,20.913125,0.43333665,197.4604,0.2664,115.64129,0.1785,313.10169,0.2664,2.3675866,13.920844,0.043833678,98.651818,0,0,1,,,,2.2614E-5,27.91441,437.3588,9.4419365,0
31087043.56,,5905,20.6917,20.7298,-0.005,9.3E-6,20.913928,0.43255487,197.3662,0.2714,115.64781,0.1785,313.01401,0.2714,1.2445908,13.875832,0.043491311,98.658185,0,0,1,,,,2.2681E-5,27.84169,437.3924,9.4370697,0
31087357.48,,5905,21.0813,21.1102,-0.005,9.3E-6,21.304418,0.43218748,202.60893,0.2782,120.103,0.1879,322.71194,0.2782,12.860337,14.079578,0.045778967,98.61246,0,0,1,,,,2.3048E-5,27.75166,453.87824,9.5101837,0
31087468.52,,5905,21.0822,21.1145,-0.005,9.2E-6,21.311809,0.44041625,202.63289,0.2802,120.19669,0.1881,322.82958,0.2802,7.0309503,14.068057,0.045604998,98.61683,0,0,1,,,,2.3075E-5,28.15916,454.19322,9.5080097,0
31087579.86,,5905,21.0844,21.1154,-0.005,9.3E-6,21.312034,0.44000675,202.70652,0.2851,120.19779,0.1881,322.90431,0.2851,0.99835676,14.053765,0.044551055,98.647211,0,0,1,,,,2.3101E-5,28.13611,454.20281,9.5113641,0
31087896.48,,5905,21.473,21.4988,-0.005,9.4E-6,21.697559,0.44021499,208.15047,0.2932,124.60895,0.1954,332.75942,0.2932,5.2901054,14.287441,0.047368682,98.588873,0,0,1,,,,2.3421E-5,28.10753,470.78405,9.5932667,0
31088009.47,,5905,21.4736,21.4997,-0.005,9.4E-6,21.705595,0.44871642,208.22308,0.2919,124.70895,0.1955,332.93203,0.2919,1.2527668,14.244727,0.046218446,98.619086,0,0,1,,,,2.3501E-5,28.57488,471.13287,9.5930599,0
31088122.36,,5905,21.4756,21.4997,-0.005,9.3E-6,21.706469,0.44747558,208.23788,0.2893,124.71568,0.1955,332.95356,0.2893,0.97897908,14.211388,0.044967452,98.653209,0,0,1,,,,2.3554E-5,28.48945,471.17078,9.5933558,0
31088439.31,,5905,21.8652,21.8864,-0.005,9.3E-6,22.09293,0.44776702,213.79781,0.3039,129.14371,0.2002,342.94151,0.3039,4.5253705,14.489939,0.049784444,98.541155,0,0,1,,,,2.3804E-5,28.42278,488.09755,9.6772047,0
31088553.63,,5905,21.8664,21.8874,-0.005,9.2E-6,22.101566,0.45738343,213.88108,0.2937,129.23133,0.2002,343.11241,0.2937,3.0093696,14.422683,0.046140626,98.641435,0,0,1,,,,2.3918E-5,28.97988,488.47921,9.6771915,0
31088667,,5905,21.8673,21.8883,-0.005,9.3E-6,22.101024,0.45635532,213.812,0.2967,129.22378,0.2002,343.03578,0.2967,1.4337669,14.41666,0.04628425,98.636742,0,0,1,,,,2.3923E-5,28.84537,488.45528,9.6743028,0
31088987.16,,5905,22.2546,22.2888,-0.005,9.2E-6,22.483945,0.45647493,219.4279,0.3233,133.63134,0.2029,353.05924,0.3233,1.2372931,14.714125,0.051108341,98.528271,0,0,1,,,,2.4134E-5,28.83332,505.52779,9.7593148,0
31089102.72,,5905,22.258,22.291,-0.005,9.3E-6,22.49277,0.46574926,219.63389,0.311,133.74095,0.2029,353.37484,0.311,1.5894982,14.642474,0.049459449,98.568615,0,0,1,,,,2.4269E-5,29.42825,505.92468,9.7646441,0
31089218.3,,5905,22.2562,22.2931,-0.005,9.4E-6,22.494171,0.46442727,219.59243,0.3038,133.75373,0.203,353.34616,0.3038,1.3185269,14.618988,0.04749934,98.623068,0,0,1,,,,2.4301E-5,29.28495,505.98772,9.7621927,0
31089538.39,,5905,22.6483,22.6751,-0.005,9.3E-6,22.881419,0.46423273,225.32011,0.3115,138.24409,0.2046,363.5642,0.3115,24.735828,14.862619,0.051402324,98.537287,0,0,1,,,,2.4602E-5,29.23798,523.55932,9.8472965,0
31089654.06,,5905,22.6499,22.6759,-0.005,9.2E-6,22.889367,0.47297287,225.18337,0.319,138.34317,0.2046,363.52653,0.319,0.64313984,14.785148,0.048459902,98.614008,0,0,1,,,,2.472E-5,29.72524,523.92314,9.8379025,0
31089768.44,,5905,22.6494,22.6777,-0.005,9.4E-6,22.890551,0.47150543,225.39934,0.3197,138.35571,0.2046,363.75505,0.3197,0.62496358,14.795187,0.0489024,98.602039,0,0,1,,,,2.472E-5,29.5703,523.97734,9.8468287,0
31090089.8,,5905,23.04,23.0603,-0.005,9.2E-6,23.27816,0.47181415,230.88149,0.3115,142.90116,0.2061,373.78265,0.3115,8.9336991,15.018605,0.051130227,98.563153,0,0,1,,,,2.5027E-5,29.59037,541.87271,9.9183738,0
31090208.41,,5905,23.0415,23.0618,-0.005,9.4E-6,23.284853,0.48051396,231.18079,0.3129,142.96852,0.2061,374.1493,0.3129,1.9269017,14.971189,0.049098943,98.615423,0,0,1,,,,2.5126E-5,30.03721,542.18439,9.9283764,0
31090325.31,,5905,23.0414,23.0622,-0.005,9.3E-6,23.286015,0.4796419,231.1612,0.3099,142.98207,0.2061,374.14326,0.3099,2.0245468,14.987447,0.04979296,98.597494,0,0,1,,,,2.51E-5,29.94238,542.23848,9.9270399,0
31090648.44,,5905,23.4302,23.4582,-0.005,9.4E-6,23.671173,0.48009402,236.59403,0.3224,147.56602,0.2083,384.16005,0.3224,7.6864729,15.217997,0.052219017,98.554503,0,0,1,,,,2.5385E-5,29.97489,560.32444,9.9950276,0
31090766.33,,5905,23.4315,23.4601,-0.005,9.4E-6,23.679897,0.48844712,236.83128,0.3123,147.67849,0.2084,384.50977,0.3123,15.553969,15.173546,0.050419586,98.599996,0,0,1,,,,2.5478E-5,30.43599,560.73753,10.001364,0
31090883.23,,5905,23.4334,23.4615,-0.005,9.4E-6,23.681131,0.48790734,236.97757,0.3162,147.69274,0.2084,384.67031,0.3162,1.9345771,15.169876,0.050965762,98.584362,0,0,1,,,,2.5496E-5,30.34709,560.79599,10.00702,0
31091206.27,,5905,23.8226,23.8523,-0.005,9.2E-6,24.066177,0.48736918,242.61388,0.3311,152.35787,0.2122,394.97175,0.3311,3.5272313,15.41913,0.054110772,98.524189,0,0,1,,,,2.5761E-5,30.33975,579.18086,10.081115,0
31091327.61,,5905,23.8243,23.853,-0.005,9.3E-6,24.073732,0.49668331,242.75308,0.3271,152.43837,0.2123,395.19145,0.3271,2.1514809,15.363218,0.051673759,98.585307,0,0,1,,,,2.5863E-5,30.83826,579.5446,10.083733,0
31091445.19,,5905,23.8251,23.8532,-0.005,9.4E-6,24.074816,0.49511425,242.69103,0.3306,152.46916,0.2123,395.16019,0.3306,1.2657935,15.342334,0.051353989,98.592277,0,0,1,,,,2.5895E-5,30.72644,579.59679,10.080701,0
31091770.34,,5905,24.2166,24.2424,-0.005,9.2E-6,24.463184,0.49453498,248.69472,0.3542,157.26139,0.2175,405.95611,0.3542,1.9981449,15.630373,0.05697097,98.469877,0,0,1,,,,2.6124E-5,30.68467,598.44736,10.166082,0
31091891.67,,5905,24.214,24.2425,-0.005,9.3E-6,24.472032,0.50458822,248.8774,0.3415,157.35795,0.2177,406.23535,0.3415,1.3513905,15.544429,0.052734481,98.575428,0,0,1,,,,2.6276E-5,31.26075,598.88034,10.169871,0
31092012.45,,5905,24.2165,24.2445,-0.005,9.4E-6,24.471703,0.50331263,248.78868,0.3427,157.35226,0.2176,406.14095,0.3427,0.86895831,15.54912,0.052453914,98.583513,0,0,1,,,,2.6261E-5,31.08886,598.86427,10.166382,0
31092340.17,,5905,24.6077,24.6289,-0.005,9.3E-6,24.85998,0.50258251,254.63591,0.3488,162.21207,0.2235,416.84797,0.3488,5.3507313,15.780078,0.056120686,98.509431,0,0,1,,,,2.6566E-5,31.09824,618.01861,10.242804,0
31092461.27,,5905,24.6084,24.63,-0.005,9.2E-6,24.867889,0.51148261,254.89078,0.3535,162.32094,0.2236,417.21172,0.3535,0.88965688,15.74786,0.053833259,98.566949,0,0,1,,,,2.6637E-5,31.56016,618.41189,10.249796,0
31092581.94,,5905,24.6062,24.6308,-0.005,9.4E-6,24.868521,0.51088779,254.86102,0.3451,162.3275,0.2236,417.18852,0.3451,1.1019172,15.734214,0.053683437,98.56974,0,0,1,,,,2.6659E-5,31.49572,618.44336,10.248338,0
31092909.3,,5905,24.993,25.0375,-0.005,9.3E-6,25.244901,0.50978566,261.05488,0.3815,167.10602,0.23,428.1609,0.3815,1.5657542,16.027654,0.058019203,98.484582,0,0,1,,,,2.6867E-5,31.46843,637.305,10.340895,0
31093033.38,,5905,24.9991,25.0398,-0.005,9.4E-6,25.259089,0.52086718,261.42499,0.3736,167.28204,0.2302,428.70703,0.3736,15.764793,16.060318,0.058988696,98.462349,0,0,1,,,,2.6849E-5,32.05531,638.02159,10.349739,0
31093157.06,,5905,25.0024,25.0332,-0.005,9.4E-6,25.266028,0.52073933,261.20898,0.3615,167.36309,0.2303,428.57206,0.3615,1.7114413,15.937789,0.054383616,98.571531,0,0,1,,,,2.7036E-5,32.12064,638.37217,10.338348,0
31095295.05,,5905,10.0001,10.0088,-0.005,9.4E-6,10.112953,0.2061892,178.4592,0.1749,22.840859,0.0404,201.30006,0.1749,5.8328784,20.0432,0.01873126,99.06593,0,0,1,,,,1.0118E-5,39.48683,102.27182,17.646596,0
31095445.13,,5905,9.99984,10.0095,-0.005,9.4E-6,10.11336,0.20575062,178.36546,0.1817,22.842534,0.0404,201.20799,0.1817,0.60158798,19.981001,0.018982115,99.050831,0,0,1,,,,1.0146E-5,40.0864,102.28006,17.636616,0
31095593.64,,5905,9.99993,10.0098,-0.005,9.2E-6,10.112615,0.20533628,178.46634,0.1832,22.838443,0.0404,201.30478,0.1832,0.36170214,20.017999,0.018956853,99.053313,0,0,1,,,,1.0132E-5,39.962,102.26499,17.647891,0
31095933.98,,5905,10.1714,10.1807,-0.005,9.2E-6,10.283474,0.20632656,182.68267,0.1772,23.77827,0.0406,206.46094,0.1772,1.9306887,20.28252,0.020226855,99.015878,0,0,1,,,,1.0259E-5,40.036,105.74985,17.764683,0
31096084.25,,5905,10.172,10.1829,-0.005,9.3E-6,10.286928,0.20997785,182.82394,0.1857,23.795712,0.0406,206.61965,0.1857,0.45240432,20.158177,0.019399464,99.050472,0,0,1,,,,1.0327E-5,40.56504,105.82088,17.772453,0
31096233.44,,5905,10.1713,10.1813,-0.005,9.3E-6,10.287009,0.20917009,182.69465,0.1837,23.795332,0.0406,206.48998,0.1837,0.49131805,20.099751,0.019035334,99.066171,0,0,1,,,,1.0349E-5,40.31635,105.82256,17.759744,0
31096885.45,,5905,10.3442,10.355,-0.005,9.3E-6,10.459441,0.20932539,186.77042,0.1689,24.76105,0.04103,211.53147,0.1689,4.9216675,20.212798,0.019142789,99.078891,0,0,1,,,,1.0541E-5,40.1995,109.39991,17.856635,0
31097035.77,,5905,10.3447,10.3542,-0.005,9.2E-6,10.461431,0.21243022,187.18487,0.1842,24.771185,0.04104,211.95606,0.1842,0.43787979,20.234784,0.019465313,99.063002,0,0,1,,,,1.0552E-5,40.4256,109.44154,17.892855,0
31097186.11,,5905,10.3456,10.3529,-0.005,9.3E-6,10.461755,0.21235946,187.3699,0.1914,24.773308,0.04104,212.14321,0.1914,0.48980504,20.276779,0.020127115,99.03231,0,0,1,,,,1.0542E-5,40.46957,109.44831,17.909988,0
31097526.2,,5905,10.5163,10.524,-0.005,9.3E-6,10.632114,0.2132918,191.62918,0.1983,25.740926,0.04142,217.3701,0.1983,2.5332085,20.506801,0.021124653,99.007751,0,0,1,,,,1.0683E-5,40.55356,113.04186,18.023619,0
31097676.56,,5905,10.5164,10.5251,-0.005,9.2E-6,10.635074,0.21680755,191.69649,0.1997,25.758708,0.04143,217.4552,0.1997,0.57990221,20.345435,0.019483965,99.078165,0,0,1,,,,1.0766E-5,41.0136,113.10479,18.024933,0
31097827.16,,5905,10.5168,10.5249,-0.005,9.2E-6,10.635063,0.21591182,191.79712,0.1958,25.758477,0.04142,217.55559,0.1958,0.50174713,20.39179,0.01999043,99.055847,0,0,1,,,,1.0748E-5,40.69087,113.10457,18.034412,0
31098172.2,,5905,10.6891,10.6971,-0.005,9.3E-6,10.806586,0.21635819,196.56974,0.2027,26.74948,0.04181,223.31922,0.2027,18.087699,20.627758,0.021130535,99.023132,0,0,1,,,,1.0909E-5,40.78358,116.78229,18.18981,0
31098322.94,,5905,10.689,10.6973,-0.005,9.4E-6,10.809864,0.22024603,196.64111,0.2057,26.770286,0.04182,223.4114,0.2057,0.39677717,20.546653,0.020319651,99.057391,0,0,1,,,,1.0954E-5,41.25552,116.85316,18.190896,0
31098473.25,,5905,10.6904,10.697,-0.005,9.4E-6,10.810033,0.22026989,196.4594,0.2178,26.771807,0.04182,223.23121,0.2178,0.5145388,20.611393,0.021143789,99.022784,0,0,1,,,,1.0913E-5,41.09331,116.85682,18.173802,0
31098812.95,,5905,10.8605,10.8681,-0.005,9.4E-6,10.98081,0.22021187,201.3496,0.2152,27.776215,0.04226,229.12582,0.2152,2.428989,20.738551,0.021558514,99.018907,0,0,1,,,,1.1133E-5,41.22279,120.57819,18.336498,0
31098965.19,,5905,10.8612,10.8689,-0.005,9.2E-6,10.983625,0.22362682,201.48256,0.2061,27.790862,0.04227,229.27342,0.2061,0.71161275,20.633414,0.020265029,99.073258,0,0,1,,,,1.1192E-5,41.4771,120.64002,18.343904,0
31099116.34,,5905,10.8608,10.8686,-0.005,9.3E-6,10.983164,0.222938,201.75786,0.2276,27.791805,0.04227,229.54966,0.2276,0.35451286,20.729524,0.02149012,99.02051,0,0,1,,,,1.1158E-5,41.26683,120.62989,18.369739,0
31099462.64,,5905,11.0324,11.041,-0.005,9.3E-6,11.153676,0.22332015,206.72869,0.218,28.812289,0.04283,235.54098,0.218,41.468742,20.925071,0.022132963,99.009444,0,0,1,,,,1.1343E-5,41.45905,124.40449,18.534579,0
31099616.66,,5905,11.034,11.0417,-0.005,9.3E-6,11.157039,0.22704902,206.85072,0.223,28.8344,0.04284,235.68512,0.223,0.30642806,20.852454,0.02143059,99.037819,0,0,1,,,,1.1387E-5,41.85014,124.47952,18.53993,0
31099769.02,,5905,11.0338,11.0409,-0.005,9.3E-6,11.156477,0.22687554,206.78999,0.2442,28.830993,0.04284,235.62098,0.2442,0.26297324,20.860733,0.02174207,99.024278,0,0,1,,,,1.1381E-5,41.70491,124.46698,18.53542,0
31100117.25,,5905,11.2061,11.2138,-0.005,9.3E-6,11.328777,0.22643096,211.77131,0.2151,29.88685,0.0436,241.65816,0.2151,5.6076341,20.992006,0.02171665,99.040484,0,0,1,,,,1.1598E-5,41.72147,128.3412,18.693218,0
31100271.39,,5905,11.2068,11.2149,-0.005,9.2E-6,11.331251,0.22987422,211.84091,0.216,29.903938,0.04361,241.74485,0.216,0.6482952,20.935859,0.021369206,99.053544,0,0,1,,,,1.1632E-5,41.98401,128.39726,18.695279,0
31100425.53,,5905,11.2071,11.2146,-0.005,9.3E-6,11.331369,0.22956437,211.83712,0.2234,29.904611,0.04361,241.74173,0.2234,0.34624383,20.950361,0.021642895,99.042055,0,0,1,,,,1.1625E-5,41.87172,128.39992,18.694751,0
31100767.61,,5905,11.3785,11.387,-0.005,9.2E-6,11.502321,0.22975254,216.85666,0.2353,30.977551,0.04461,247.83422,0.2353,4.3182337,21.213587,0.022318145,99.033053,0,0,1,,,,1.177E-5,41.90072,132.30339,18.853296,0
31100924.08,,5905,11.3788,11.3874,-0.005,9.2E-6,11.50572,0.23396829,217.01748,0.2314,30.997579,0.04463,248.01506,0.2314,0.70817672,21.120783,0.021942555,99.045143,0,0,1,,,,1.1829E-5,42.42717,132.3816,18.861704,0
31101078.7,,5905,11.3792,11.3881,-0.005,9.4E-6,11.505143,0.23323607,217.27042,0.258,30.997627,0.04463,248.26805,0.258,0.28463815,21.182275,0.022847366,99.007582,0,0,1,,,,1.1811E-5,42.24157,132.36833,18.884634,0
31101428.27,,5905,11.551,11.5599,-0.005,9.4E-6,11.676474,0.23368255,222.41512,0.2557,32.09493,0.04593,254.51005,0.2557,15.604998,21.438368,0.023585668,98.996329,0,0,1,,,,1.1964E-5,42.36455,136.34005,19.04814,0
31101585.53,,5905,11.5512,11.5613,-0.005,9.2E-6,11.679857,0.23760924,222.58757,0.231,32.118153,0.04596,254.70572,0.231,0.72116097,21.283242,0.022169996,99.049933,0,0,1,,,,1.2055E-5,42.87674,136.41907,19.057388,0
31101740,,5905,11.5514,11.5605,-0.005,9.3E-6,11.680287,0.23690632,222.29819,0.2397,32.11992,0.04597,254.41811,0.2397,1.4199811,21.229822,0.021167045,99.091762,0,0,1,,,,1.2068E-5,42.56648,136.4291,19.031912,0
31102087.3,,5905,11.7232,11.7337,-0.005,9.2E-6,11.848573,0.23615929,227.93362,0.2556,33.225387,0.04751,261.15901,0.2556,6.8582151,21.579354,0.023687187,99.006215,0,0,1,,,,1.2195E-5,42.45964,140.38869,19.23722,0
31102243.83,,5905,11.7234,11.7336,-0.005,9.3E-6,11.853461,0.24098836,228.27772,0.2599,33.260562,0.04756,261.53828,0.2599,1.0007319,21.526959,0.023069476,99.029569,0,0,1,,,,1.224E-5,43.15871,140.50453,19.258318,0
31102403.39,,5905,11.7236,11.7348,-0.005,9.4E-6,11.853257,0.24067249,228.03354,0.2561,33.258161,0.04756,261.2917,0.2561,1.3258022,21.424338,0.022530886,99.048494,0,0,1,,,,1.2285E-5,43.05392,140.49969,19.23805,0
31102755.63,,5905,11.8955,11.9084,-0.005,9.2E-6,12.024205,0.23963658,233.56072,0.2741,34.403132,0.04932,267.96385,0.2741,7.8143307,21.769864,0.024268928,98.998536,0,0,1,,,,1.2404E-5,42.84868,144.5815,19.424214,0
31102914.36,,5905,11.8962,11.908,-0.005,9.2E-6,12.028309,0.24428657,234.07901,0.2811,34.429226,0.04936,268.50824,0.2811,0.31920352,21.665321,0.023238409,99.035572,0,0,1,,,,1.2485E-5,43.53973,144.68022,19.460675,0
31103072.2,,5905,11.8966,11.9079,-0.005,9.4E-6,12.028279,0.24385342,234.0447,0.2807,34.432869,0.04937,268.47756,0.2807,0.52926885,21.689628,0.023569768,99.023036,0,0,1,,,,1.2471E-5,43.33064,144.67949,19.457871,0
31103420.55,,5905,12.0691,12.0798,-0.005,9.3E-6,12.197497,0.2432091,240.28828,0.295,35.582894,0.05123,275.87118,0.295,8.5300539,22.056987,0.024792684,98.99422,0,0,1,,,,1.2604E-5,43.37926,148.77893,19.699803,0
31103580.81,,5905,12.0688,12.0801,-0.005,9.3E-6,12.201548,0.24846727,240.33832,0.288,35.613237,0.05128,275.95156,0.288,1.0486786,21.928519,0.023730351,99.032337,0,0,1,,,,1.2678E-5,44.11397,148.87777,19.697363,0
31103740.81,,5905,12.0692,12.0799,-0.005,9.3E-6,12.20149,0.24761631,240.42005,0.2895,35.612528,0.05128,276.03258,0.2895,0.7444802,21.964381,0.023841587,99.029111,0,0,1,,,,1.2661E-5,43.85704,148.87635,19.704156,0
31104095.98,,5905,12.2398,12.2531,-0.005,9.4E-6,12.371365,0.24653636,246.68669,0.2935,36.787764,0.05319,283.47446,0.2935,78.130741,22.189583,0.024514354,99.016729,0,0,1,,,,1.2871E-5,43.92876,153.05066,19.940136,0
31104257.56,,5905,12.2407,12.2533,-0.005,9.3E-6,12.375188,0.25093604,247.0732,0.3032,36.817275,0.05324,283.89048,0.3032,1.1994522,22.162566,0.024115139,99.031085,0,0,1,,,,1.2904E-5,44.37917,153.14529,19.965207,0
31104418.34,,5905,12.2412,12.2535,-0.005,9.4E-6,12.375714,0.25096856,246.89914,0.307,36.820668,0.05324,283.71981,0.307,0.75477695,22.131495,0.023838475,99.041477,0,0,1,,,,1.2914E-5,44.32513,153.1583,19.950295,0
31104773.42,,5905,12.413,12.427,-0.005,9.2E-6,12.546031,0.24944466,254.07445,0.324,38.016894,0.05514,292.09135,0.324,30.026998,22.5675,0.025580939,98.993524,0,0,1,,,,1.3043E-5,44.26299,157.4029,20.251381,0
31104936.61,,5905,12.414,12.4275,-0.005,9.4E-6,12.551053,0.25520954,254.10892,0.3219,38.051238,0.05519,292.16016,0.3219,1.2802485,22.4426,0.024427423,99.034318,0,0,1,,,,1.3114E-5,45.135,157.52894,20.246024,0
31105099.67,,5905,12.4141,12.4285,-0.005,9.2E-6,12.551191,0.25452092,254.20989,0.3229,38.051703,0.05519,292.2616,0.3229,0.75664871,22.440068,0.024482005,99.031761,0,0,1,,,,1.3121E-5,44.8852,157.53239,20.253847,0
31105452.69,,5905,12.5847,12.598,-0.005,9.4E-6,12.71958,0.2529271,261.31192,0.3324,39.247867,0.05697,300.55979,0.3324,6.589367,22.781517,0.025624931,99.004121,0,0,1,,,,1.3294E-5,44.88014,161.78771,20.544068,0
31105617.88,,5905,12.5852,12.5999,-0.005,9.3E-6,12.723867,0.25813603,261.72162,0.3458,39.277763,0.05701,300.99939,0.3458,0.58168224,22.75165,0.024925623,99.029576,0,0,1,,,,1.3328E-5,45.56303,161.8968,20.569346,0
31105782.84,,5905,12.5855,12.5996,-0.005,9.2E-6,12.724621,0.25795677,261.5847,0.3362,39.282846,0.05702,300.86754,0.3362,0.77329474,22.735233,0.024754197,99.036055,0,0,1,,,,1.3331E-5,45.5033,161.91598,20.557366,0
31106142.19,,5905,12.7575,12.772,-0.005,9.3E-6,12.894972,0.25637388,269.35219,0.3684,40.507336,0.05867,309.85953,0.3684,10.258926,23.15145,0.025869058,99.011678,0,0,1,,,,1.3485E-5,45.47047,166.2803,20.888156,0
31106307.28,,5905,12.7585,12.772,-0.005,9.2E-6,12.89962,0.26174202,269.70562,0.3611,40.54345,0.05872,310.24907,0.3611,0.76539946,23.005541,0.024359353,99.063415,0,0,1,,,,1.3582E-5,46.3029,166.4002,20.908028,0
31106473.59,,5905,12.7589,12.7714,-0.005,9.4E-6,12.899505,0.26110156,269.40467,0.3704,40.542159,0.05872,309.94683,0.3704,0.88202464,22.996433,0.024777694,99.047641,0,0,1,,,,1.3576E-5,46.01108,166.39723,20.884884,0
31106834.44,,5905,12.9299,12.9446,-0.005,9.4E-6,13.069214,0.25893078,278.1047,0.3922,41.778612,0.06028,319.88331,0.3922,55.795572,23.496037,0.026467696,99.002794,0,0,1,,,,1.3718E-5,45.99287,170.80436,21.279374,0
31107003.61,,5905,12.9318,12.9451,-0.005,9.2E-6,13.074399,0.26516121,278.61457,0.4091,41.816021,0.06033,320.43059,0.4091,0.67447617,23.409007,0.024864877,99.059323,0,0,1,,,,1.3787E-5,46.99207,170.93992,21.309933,0
31107173.53,,5905,12.9307,12.9463,-0.005,9.3E-6,13.074062,0.2649554,278.55224,0.4191,41.81452,0.06033,320.36676,0.4191,0.73163418,23.509539,0.026438855,99.003904,0,0,1,,,,1.3731E-5,46.81801,170.93109,21.305715,0
31107533.36,,5905,13.1018,13.1167,-0.005,9.3E-6,13.242997,0.26314485,287.69549,0.4474,43.061327,0.06183,330.75682,0.4474,11.176993,23.953645,0.026607665,99.014049,0,0,1,,,,1.3912E-5,47.01908,175.37698,21.724349,0
31107705.52,,5905,13.1022,13.1178,-0.005,9.4E-6,13.247937,0.26893033,288.45491,0.4486,43.097564,0.06188,331.55248,0.4486,1.6475364,23.906811,0.025709531,99.04434,0,0,1,,,,1.397E-5,47.90729,175.50783,21.773572,0
31107877.52,,5905,13.1038,13.1186,-0.005,9.3E-6,13.248236,0.26860072,288.23732,0.4505,43.099057,0.06188,331.33637,0.4505,0.9686853,23.848173,0.025668921,99.044063,0,0,1,,,,1.3995E-5,47.81362,175.51576,21.756656,0
31108244,,5905,13.2752,13.2898,-0.005,9.2E-6,13.417607,0.26542375,298.5427,0.498,44.365829,0.06338,342.90853,0.498,29.211513,24.404576,0.026797827,99.020169,0,0,1,,,,1.4156E-5,47.69635,180.03217,22.250071,0
31108418.95,,5905,13.2753,13.2904,-0.005,9.2E-6,13.422395,0.27195022,299.21839,0.5216,44.401659,0.06342,343.62004,0.5216,1.4790998,24.326487,0.025323037,99.070361,0,0,1,,,,1.4226E-5,48.80915,180.1607,22.292473,0
31108592.48,,5905,13.2766,13.2898,-0.005,9.2E-6,13.423155,0.27159471,299.04859,0.5175,44.40702,0.06343,343.45561,0.5175,1.2085387,24.319666,0.025237029,99.07375,0,0,1,,,,1.4223E-5,48.65297,180.18108,22.278563,0
31108958.63,,5905,13.4465,13.4632,-0.005,9.2E-6,13.591059,0.26777827,311.98358,0.6129,45.681299,0.06494,357.66488,0.6129,12.679446,25.117373,0.02780689,99.001034,0,0,1,,,,1.4349E-5,48.63933,184.71689,22.95506,0
31109136.98,,5905,13.4477,13.4627,-0.005,9.2E-6,13.596984,0.27569213,312.47044,0.6105,45.726543,0.06499,358.19699,0.6105,2.4223302,24.947671,0.025558936,99.075519,0,0,1,,,,1.446E-5,50.23475,184.87798,22.980864,0
31109314.81,,5905,13.4478,13.4633,-0.005,9.4E-6,13.597252,0.27454075,312.62186,0.6168,45.727388,0.06499,358.34924,0.6168,1.5919568,24.917417,0.025278505,99.084276,0,0,1,,,,1.4483E-5,49.89534,184.88525,22.991547,0
31109689.86,,5905,13.6189,13.6375,-0.005,9.3E-6,13.76624,0.26956142,329.02961,0.8086,47.028293,0.06658,376.0579,0.8086,6.9650893,26.021538,0.027408271,99.032345,0,0,1,,,,1.456E-5,49.83483,189.50937,23.901196,0
31109874.45,,5905,13.6206,13.6382,-0.005,9.3E-6,13.773647,0.27916027,330.05772,0.8115,47.082555,0.06665,377.14027,0.8115,2.0968831,25.829953,0.024571962,99.125191,0,0,1,,,,1.47E-5,52.04308,189.71334,23.962987,0
31110055.83,,5905,13.6208,13.6385,-0.005,9.4E-6,13.773381,0.27789736,329.86857,0.8148,47.08349,0.06665,376.95206,0.8148,1.9377549,25.780195,0.025099407,99.104991,0,0,1,,,,1.4723E-5,51.65991,189.70603,23.949716,0
31110430.42,,5905,13.7916,13.8075,-0.005,9.3E-6,13.938475,0.26919534,353.65239,1.261,48.370431,0.06829,402.02282,1.261,15.672416,27.202838,0.0265623,99.07269,0,0,1,,,,1.4886E-5,51.56039,194.28109,25.372387,0
31110622.13,,5905,13.7921,13.8091,-0.005,9.4E-6,13.946436,0.28030369,355.61852,1.312,48.427389,0.06837,404.04591,1.312,3.7312483,27.048736,0.022895489,99.194011,0,0,1,,,,1.5032E-5,54.40568,194.50307,25.498882,0
31110812.77,,5905,13.7917,13.8083,-0.005,9.4E-6,13.946619,0.27912246,355.73403,1.3,48.427509,0.06837,404.16154,1.3,7.4654572,27.016942,0.0222761,99.214791,0,0,1,,,,1.5051E-5,54.09747,194.50818,25.506829,0
31111197.38,,5905,13.9652,13.9818,-0.005,9.2E-6,14.106621,0.29368178,344.81635,7.127,49.740762,0.07015,394.55711,7.127,1061.4488,29.971004,0.11070654,96.58386,0,0,1,,,,1.3522E-5,54.03388,198.99676,24.443582,0
31111406.25,,5905,13.9657,13.9813,-0.005,9.2E-6,14.12365,0.30927673,333.94256,11.49,49.839995,0.07029,383.78255,11.49,368.95014,25.79553,0,100,0,0,1,,,,1.4878E-5,59.94201,199.47749,23.644211,0
31111588.84,,5905,13.9648,13.9828,-0.005,9.3E-6,14.107768,0.28639953,346.96478,7.149,49.747846,0.07016,396.71262,7.149,81.367297,29.257788,0.090790079,97.125731,0,0,1,,,,1.3867E-5,51.59106,199.02912,24.593882,0
31112146.64,,5905,14.137,14.1553,-0.005,9.4E-6,14.283964,0.33177165,188.13093,2.831,51.156192,0.07224,239.28712,2.831,313.82351,18.203211,0.065566496,97.845531,0,0,1,,,,1.3325E-5,37.02948,204.03164,13.170778,0
31112301.56,,5905,14.1376,14.1543,-0.005,9.3E-6,14.283402,0.32955986,188.31888,2.835,51.149677,0.07223,239.46855,2.835,100.84809,18.200227,0.065246236,97.854342,0,0,1,,,,1.3337E-5,36.40642,204.01556,13.184456,0
31112456.64,,5905,14.1379,14.1556,-0.005,9.3E-6,14.284152,0.32939456,188.01061,2.79,51.15445,0.07223,239.16506,2.79,94.506681,18.123512,0.065179958,97.849597,0,0,1,,,,1.3376E-5,36.40045,204.03699,13.162183,0
31112781.55,,5905,14.3066,14.3281,-0.005,9.3E-6,14.480964,0.33571366,163.79692,0.3334,52.69063,0.0747,216.48755,0.3334,4.0884774,14.602469,0.044729651,98.332329,0,0,1,,,,1.497E-5,36.24702,209.69832,11.311189,0
31112898.67,,5905,14.3089,14.3285,-0.005,9.2E-6,14.465424,0.30026982,164.49508,0.3163,52.591273,0.07453,217.08635,0.3163,8.0789355,14.486507,0.035496499,98.662408,0,0,1,,,,1.5102E-5,29.20494,209.2485,11.371604,0
31113013.34,,5905,14.3083,14.3298,-0.005,9.4E-6,14.465887,0.29935473,164.41132,0.3167,52.594098,0.07454,217.00542,0.3167,6.0727367,14.476059,0.035460929,98.663179,0,0,1,,,,1.5108E-5,28.97301,209.2619,11.36545,0
31113310.58,,5905,14.4798,14.5007,-0.005,9.3E-6,14.638767,0.30548543,157.83542,0.1706,54.007304,0.07694,211.84272,0.1706,0.60605769,13.881038,0.034939795,98.672778,0,0,1,,,,1.5376E-5,28.95212,214.29349,10.782016,0
31113421.78,,5905,14.4828,14.5013,-0.005,9.3E-6,14.644297,0.3005308,157.71047,0.1477,54.057196,0.07703,211.76767,0.1477,3.5638854,13.849105,0.034092965,98.703115,0,0,1,,,,1.5403E-5,27.76208,214.45545,10.769412,0
31113532.11,,5905,14.4821,14.5019,-0.005,9.2E-6,14.644502,0.30061648,157.70912,0.1525,54.058952,0.07703,211.76807,0.1525,2.9111114,13.84682,0.034197704,98.698936,0,0,1,,,,1.5406E-5,27.69821,214.46145,10.769169,0
31113824.39,,5905,14.6524,14.6716,-0.005,9.3E-6,14.816383,0.30470023,154.07432,0.1129,55.484542,0.07954,209.55887,0.1129,0.83546917,13.489331,0.033994167,98.703963,0,0,1,,,,1.5646E-5,27.69364,219.52522,10.398916,0
31113933.95,,5905,14.6535,14.6729,-0.005,9.4E-6,14.817591,0.30298934,154.06108,0.1061,55.501602,0.07957,209.56268,0.1061,0.98567027,13.445858,0.032693934,98.749794,0,0,1,,,,1.5693E-5,26.97866,219.56099,10.397175,0
31114042.88,,5905,14.654,14.6737,-0.005,9.3E-6,14.817879,0.30250492,153.98227,0.1097,55.502812,0.07957,209.48508,0.1097,0.35837608,13.412918,0.032094621,98.770034,0,0,1,,,,1.5723E-5,26.89172,219.56953,10.391654,0
31114336,,5905,14.8242,14.8478,-0.005,9.3E-6,14.991001,0.30559464,151.73413,0.1045,56.958442,0.08216,208.69257,0.1045,0.68614076,13.225498,0.033351425,98.728179,0,0,1,,,,1.5887E-5,26.82584,224.73011,10.121681,0
31114442.09,,5905,14.8262,14.8466,-0.005,9.3E-6,14.993601,0.3068186,151.78864,0.09928,56.990777,0.08222,208.77942,0.09928,0.4512427,13.192224,0.032586516,98.754356,0,0,1,,,,1.5932E-5,26.451,224.80807,10.123561,0
31114548.73,,5905,14.828,14.8478,-0.005,9.3E-6,14.993724,0.30615348,151.6362,0.1018,56.990144,0.08222,208.62635,0.1018,0.12712183,13.149836,0.031717867,98.784235,0,0,1,,,,1.5969E-5,26.38445,224.81175,10.113312,0
31114835.47,,5905,14.997,15.0197,-0.005,9.4E-6,15.16408,0.30867108,150.44166,0.1135,58.440603,0.08478,208.88226,0.1135,0.73815656,13.085891,0.033682024,98.721922,0,0,1,,,,1.607E-5,26.29967,229.94933,9.9209221,0
31114940.8,,5905,14.9989,15.02,-0.005,9.4E-6,15.168346,0.31078586,150.15688,0.09816,58.476209,0.08484,208.63309,0.09816,0.2995635,12.982316,0.031456909,98.798223,0,0,1,,,,1.6172E-5,26.17178,230.07874,9.8993575,0
31115047.47,,5905,14.9993,15.0208,-0.005,9.2E-6,15.167626,0.30940869,150.35362,0.1027,58.469259,0.08483,208.82288,0.1027,0.13247994,12.994345,0.032025032,98.776858,0,0,1,,,,1.6174E-5,25.96463,230.05688,9.9127984,0
31115915.36,,5905,4.99465,5.0189,-0.005,9.2E-6,5.0535573,0.10032243,102.12869,0.3318,3.9021129,0.009924,106.0308,0.3318,0.5053889,24.30559,0.0033576453,99.608978,0,0,1,,,,4.3783E-6,43.53551,25.538441,20.209267,0
31116420.83,,5905,4.9991,5.0257,-0.005,9.3E-6,5.0605483,0.10550127,100.80397,0.07697,3.9149866,0.009934,104.71896,0.07697,1.2897875,23.851486,0.0065672798,99.229839,0,0,1,,,,4.422E-6,48.61118,25.609149,19.919575,0
31116592.69,,5905,4.99964,5.0257,-0.005,9.3E-6,5.0609758,0.10533274,100.72964,0.08971,3.9162391,0.009935,104.64588,0.08971,0.25330325,23.792889,0.0068645242,99.193536,0,0,1,,,,4.4313E-6,47.70297,25.613476,19.903205,0
31116943.61,,5905,5.10053,5.1269,-0.005,9.3E-6,5.1606491,0.10611149,103.13513,0.1247,4.1228138,0.01008,107.25794,0.1247,0.20979812,24.207087,0.0076069586,99.143547,0,0,1,,,,4.4663E-6,47.58578,26.6323,19.984914,0
31117115.75,,5905,5.10174,5.1266,-0.005,9.3E-6,5.1641838,0.1083235,103.16331,0.07752,4.1303944,0.01008,107.29371,0.07752,0.75928965,23.907291,0.0069014874,99.214847,0,0,1,,,,4.5208E-6,48.41417,26.668795,19.976692,0
31117286.77,,5905,5.10219,5.1271,-0.005,9.3E-6,5.1646279,0.10752748,103.15081,0.09465,4.1310659,0.01009,107.28187,0.09465,0.12363919,23.815089,0.0067473786,99.229708,0,0,1,,,,4.5371E-6,47.81458,26.673381,19.972554,0
31117718.55,,5905,5.20532,5.2293,-0.005,9.2E-6,5.2673517,0.10804613,105.60096,0.114,4.3505493,0.01026,109.95151,0.114,0.16173523,24.067232,0.0073118327,99.195067,0,0,1,,,,4.6027E-6,47.63018,27.744994,20.048207,0
31117890.34,,5905,5.20563,5.2274,-0.005,9.2E-6,5.2698146,0.10998345,105.69258,0.09353,4.3561876,0.01027,110.04876,0.09353,0.16627896,23.943351,0.0071227093,99.212256,0,0,1,,,,4.6299E-6,48.13446,27.770946,20.056223,0
31118061.55,,5905,5.20763,5.2363,-0.005,9.2E-6,5.27018,0.109518,105.65212,0.1516,4.3568194,0.01027,110.00894,0.1516,0.21414043,23.848699,0.0076745352,99.147803,0,0,1,,,,4.6494E-6,47.8867,27.774797,20.047156,0
31118409.34,,5905,5.307,5.3268,-0.005,9.3E-6,5.3705353,0.11010425,108.17556,0.1274,4.5786166,0.01052,112.75418,0.1274,0.34406541,24.225514,0.0079027911,99.156652,0,0,1,,,,4.6908E-6,47.6974,28.842649,20.142417,0
31118583.42,,5905,5.30891,5.3316,-0.005,9.4E-6,5.3737154,0.11233836,108.11463,0.103,4.5859814,0.01053,112.70061,0.103,0.89427899,23.970889,0.0074746522,99.195744,0,0,1,,,,4.7367E-6,48.45103,28.876817,20.119157,0
31118754.55,,5905,5.30957,5.3326,-0.005,9.3E-6,5.3740161,0.11163344,108.16384,0.1107,4.5864149,0.01053,112.75025,0.1107,0.085584852,23.898086,0.0073286911,99.208872,0,0,1,,,,4.7526E-6,47.94178,28.880049,20.127189,0
31119106.97,,5905,5.41146,5.4323,-0.005,9.3E-6,5.4755735,0.11208963,110.85804,0.1211,4.8188948,0.01091,115.67693,0.1211,1.0363233,24.290657,0.0083341716,99.134301,0,0,1,,,,4.8004E-6,47.79617,29.981905,20.245923,0
31119280.47,,5905,5.41285,5.4346,-0.005,9.2E-6,5.4790701,0.11429433,110.90448,0.09414,4.8271824,0.01093,115.73166,0.09414,1.707492,23.987958,0.0075184974,99.210626,0,0,1,,,,4.8598E-6,48.58131,30.020209,20.241478,0
31119453.5,,5905,5.41321,5.4343,-0.005,9.3E-6,5.4793979,0.11339267,110.89928,0.08678,4.8276045,0.01093,115.72689,0.08678,0.37938558,23.88055,0.0072715833,99.233358,0,0,1,,,,4.8805E-6,47.97592,30.023801,20.239319,0
31119806.2,,5905,5.51457,5.5372,-0.005,9.2E-6,5.5794018,0.11381229,113.53661,0.1316,5.0648376,0.01146,118.60145,0.1316,0.28263243,24.312217,0.0083828927,99.150549,0,0,1,,,,4.9166E-6,47.7611,31.129724,20.349244,0
31119981.94,,5905,5.51535,5.5365,-0.005,9.2E-6,5.5828554,0.11637178,113.49561,0.1083,5.0729093,0.01148,118.56852,0.1083,0.56371576,24.080393,0.008013071,99.181888,0,0,1,,,,4.9611E-6,48.62443,31.168275,20.329311,0
31120153.33,,5905,5.51573,5.5376,-0.005,9.3E-6,5.583297,0.11581984,113.38857,0.1002,5.0743585,0.01149,118.46293,0.1002,0.24380909,24.031848,0.0078144746,99.201584,0,0,1,,,,4.9658E-6,48.16079,31.173205,20.308533,0
31120508.33,,5905,5.61889,5.6422,-0.005,9.4E-6,5.6846069,0.11622966,116.02378,0.1533,5.3225061,0.01214,121.34629,0.1533,0.11082036,24.335098,0.0087604919,99.135402,0,0,1,,,,5.0262E-6,48.0637,32.314756,20.410167,0
31120681.81,,5905,5.6199,5.6442,-0.005,9.3E-6,5.6878385,0.11840655,116.01799,0.1091,5.3301479,0.01216,121.34814,0.1091,0.35622728,24.092725,0.0082188634,99.182127,0,0,1,,,,5.0747E-6,48.6702,32.351507,20.397554,0
31120855.44,,5905,5.62059,5.6437,-0.005,9.3E-6,5.6881855,0.11762896,116.0446,0.1069,5.3313449,0.01217,121.37595,0.1069,0.26010506,24.02767,0.0080616028,99.195692,0,0,1,,,,5.089E-6,48.18545,32.355454,20.400988,0
31121215.53,,5905,5.72172,5.7453,-0.005,9.3E-6,5.7883722,0.11825751,118.55973,0.1211,5.5842795,0.01291,124.14401,0.1211,0.24423281,24.418973,0.0090501371,99.131032,0,0,1,,,,5.1246E-6,48.05534,33.505252,20.482396,0
31121390.86,,5905,5.72316,5.7466,-0.005,9.3E-6,5.7918511,0.1205393,118.66396,0.1197,5.59268,0.01293,124.25664,0.1197,0.55233326,24.108145,0.0081808541,99.205315,0,0,1,,,,5.1918E-6,48.83795,33.545539,20.488088,0
31121562.63,,5905,5.72349,5.7493,-0.005,9.4E-6,5.7920383,0.11955302,118.70317,0.1136,5.5934976,0.01293,124.29667,0.1136,0.30891611,24.066665,0.0081820841,99.203681,0,0,1,,,,5.2025E-6,48.21629,33.547708,20.494197,0
31121917.73,,5905,5.82527,5.8502,-0.005,9.3E-6,5.8932028,0.12014619,121.32747,0.1537,5.8558256,0.01375,127.18329,0.1537,0.23885326,24.451227,0.0091139721,99.145362,0,0,1,,,,5.2423E-6,48.13333,34.729839,20.587696,0
31122092.28,,5905,5.82668,5.8516,-0.005,9.4E-6,5.8968651,0.1227593,121.35972,0.1092,5.8651972,0.01378,127.22492,0.1092,0.39988045,24.2691,0.0087967443,99.170097,0,0,1,,,,5.2822E-6,48.90245,34.773018,20.580379,0
31122264.34,,5905,5.82741,5.8521,-0.005,9.4E-6,5.897363,0.12205795,121.36293,0.1142,5.8668499,0.01378,127.22978,0.1142,0.24955239,24.160484,0.0087734812,99.168754,0,0,1,,,,5.3062E-6,48.5382,34.77889,20.579186,0
31122617.06,,5905,5.92886,5.9553,-0.005,9.4E-6,5.997181,0.12229706,124.18435,0.1662,6.1320635,0.01462,130.31641,0.1662,0.37978353,24.596625,0.0097526146,99.109267,0,0,1,,,,5.3414E-6,48.32097,35.96618,20.707121,0
31122792.8,,5905,5.92952,5.9541,-0.005,9.4E-6,6.0010914,0.12504248,124.14217,0.09955,6.1421199,0.01466,130.28429,0.09955,0.51622682,24.2806,0.0087478641,99.192642,0,0,1,,,,5.4054E-6,49.19325,36.013098,20.686599,0
31122966.61,,5905,5.9306,5.9564,-0.005,9.4E-6,6.0012542,0.12419729,124.00816,0.1121,6.1430319,0.01466,130.1512,0.1121,0.29686169,24.268832,0.0090454307,99.165518,0,0,1,,,,5.4039E-6,48.5612,36.015051,20.663708,0
31123322.5,,5905,6.03102,6.0569,-0.005,9.3E-6,6.1012741,0.12427681,127.02244,0.1521,6.4144367,0.01552,133.43688,0.1521,0.31819581,24.585329,0.0097942631,99.123158,0,0,1,,,,5.471E-6,48.53766,37.225545,20.819003,0
31123496.89,,5905,6.03312,6.0611,-0.005,9.2E-6,6.1049056,0.12669105,126.99019,0.1157,6.4239332,0.01555,133.41412,0.1157,0.65528893,24.320628,0.009249367,99.164525,0,0,1,,,,5.5275E-6,49.17066,37.269872,20.801335,0
31123671.84,,5905,6.03334,6.0582,-0.005,9.2E-6,6.1053793,0.12592015,127.08315,0.1193,6.4249421,0.01555,133.50809,0.1193,0.29769694,24.287269,0.0088062198,99.2033,0,0,1,,,,5.5371E-6,48.64126,37.275656,20.814947,0
31124027.52,,5905,6.13548,6.1618,-0.005,9.3E-6,6.2060957,0.12634939,129.83984,0.1511,6.7048874,0.01656,136.54473,0.1511,0.24280624,24.711256,0.0099814961,99.128778,0,0,1,,,,5.5695E-6,48.57454,38.515623,20.92134,0
31124203.05,,5905,6.13652,6.1601,-0.005,9.4E-6,6.2099951,0.12904242,129.81887,0.1212,6.7153175,0.0166,136.53419,0.1212,0.52727259,24.399348,0.0092334935,99.185405,0,0,1,,,,5.6374E-6,49.42251,38.564039,20.904826,0
31124377.84,,5905,6.13783,6.1616,-0.005,9.2E-6,6.210447,0.12815968,129.88817,0.1183,6.7163868,0.01661,136.60456,0.1183,0.56589664,24.429759,0.0094051082,99.170919,0,0,1,,,,5.634E-6,48.7987,38.569652,20.914464,0
31124734.16,,5905,6.23839,6.263,-0.005,9.3E-6,6.3100975,0.12854681,132.70187,0.1669,6.9983848,0.01774,139.70026,0.1669,0.34113607,24.734941,0.009984638,99.14583,0,0,1,,,,5.6918E-6,48.85952,39.81733,21.030083,0
31124908.08,,5905,6.23969,6.2649,-0.005,9.3E-6,6.3135906,0.13094991,132.76464,0.122,7.0086353,0.01779,139.77327,0.122,0.69137976,24.476719,0.0093197445,99.195343,0,0,1,,,,5.7523E-6,49.46988,39.861427,21.028389,0
31125082.52,,5905,6.24071,6.2668,-0.005,9.3E-6,6.3140955,0.13013695,132.83825,0.1333,7.0098012,0.01779,139.84805,0.1333,0.23480703,24.445763,0.0093678859,99.189843,0,0,1,,,,5.7629E-6,48.95344,39.867803,21.038366,0
31125441.59,,5905,6.34208,6.3691,-0.005,9.3E-6,6.4147746,0.13039969,135.83509,0.1714,7.3013754,0.01898,143.13646,0.1714,0.38286135,24.898414,0.010497358,99.122871,0,0,1,,,,5.7947E-6,48.89153,41.149334,21.175348,0
31125618.39,,5905,6.34368,6.3709,-0.005,9.3E-6,6.4188633,0.1332687,135.83695,0.1395,7.312898,0.01903,143.14985,0.1395,0.77976527,24.614604,0.0097259127,99.179492,0,0,1,,,,5.859E-6,49.79683,41.201805,21.162151,0
31125793.34,,5905,6.34389,6.3685,-0.005,9.3E-6,6.4191145,0.13246224,135.79147,0.125,7.314125,0.01903,143.10559,0.125,0.31509062,24.567925,0.0097505679,99.1762,0,0,1,,,,5.8685E-6,49.22921,41.205031,21.154236,0
31126149.75,,5905,6.44523,6.473,-0.005,9.3E-6,6.5185879,0.1325209,139.00244,0.1679,7.6090556,0.02016,146.6115,0.1679,0.27803817,25.048216,0.010884685,99.110546,0,0,1,,,,5.9004E-6,49.13585,42.491988,21.324012,0
31126327.72,,5905,6.44709,6.4741,-0.005,9.3E-6,6.5226228,0.13548341,139.05803,0.161,7.6207618,0.0202,146.67879,0.161,0.32987124,24.779196,0.010468933,99.136294,0,0,1,,,,5.9658E-6,50.09643,42.544608,21.319343,0
31126503.42,,5905,6.44755,6.4756,-0.005,9.2E-6,6.5233556,0.13456253,139.07845,0.1409,7.6233115,0.02021,146.70176,0.1409,0.45289756,24.680232,0.0099204084,99.178686,0,0,1,,,,5.9884E-6,49.55839,42.554168,21.320078,0
31126860.77,,5905,6.54884,6.5746,-0.005,9.2E-6,6.6236467,0.13436641,142.33724,0.1847,7.9278721,0.0212,150.26511,0.1847,0.16715141,25.106379,0.010909991,99.124367,0,0,1,,,,6.0326E-6,49.36046,43.872695,21.489255,0
31127041.02,,5905,6.55093,6.58,-0.005,9.3E-6,6.6277459,0.13737066,142.37707,0.1528,7.9401175,0.02123,150.31718,0.1528,0.61376141,24.871427,0.010365628,99.161398,0,0,1,,,,6.0896E-6,50.21276,43.927016,21.481974,0
31127218.31,,5905,6.55115,6.577,-0.005,9.4E-6,6.6282523,0.13652362,142.36297,0.1487,7.9413062,0.02123,150.30428,0.1487,0.85349373,24.814095,0.010224741,99.171135,0,0,1,,,,6.1027E-6,49.74285,43.933728,21.478207,0
31127576.39,,5905,6.65263,6.6805,-0.005,9.4E-6,6.7274441,0.13638026,145.79459,0.2028,8.2512769,0.02197,154.04586,0.2028,0.3058589,25.297636,0.011621649,99.087182,0,0,1,,,,6.1396E-6,49.62819,45.258505,21.671616,0
31127755.19,,5905,6.65416,6.684,-0.005,9.3E-6,6.7316268,0.13937837,145.95435,0.1627,8.2639383,0.02199,154.21829,0.1627,0.7889512,24.995445,0.010552181,99.161994,0,0,1,,,,6.2166E-6,50.59527,45.3148,21.681884,0
31127934.14,,5905,6.65364,6.6809,-0.005,9.4E-6,6.7320408,0.1384621,145.87602,0.1596,8.2648655,0.02199,154.14088,0.1596,0.4620907,24.949773,0.010453686,99.168825,0,0,1,,,,6.2244E-6,49.99089,45.320374,21.668914,0
31128292.33,,5905,6.7557,6.7859,-0.005,9.3E-6,6.8321864,0.13822311,149.53974,0.2044,8.5850043,0.02239,158.12474,0.2044,0.33445747,25.43339,0.011345917,99.125109,0,0,1,,,,6.2663E-6,49.89955,46.678771,21.887538,0
31128473.28,,5905,6.75783,6.7845,-0.005,9.3E-6,6.8365156,0.14132984,149.61316,0.1614,8.5986254,0.0224,158.21179,0.1614,1.2986995,25.188523,0.010759875,99.163307,0,0,1,,,,6.3285E-6,50.86678,46.737946,21.884417,0
31128651.58,,5905,6.75836,6.7886,-0.005,9.3E-6,6.8371637,0.14050712,149.7333,0.1548,8.6012896,0.0224,158.33459,0.1548,0.57403858,25.152044,0.010568693,99.176707,0,0,1,,,,6.3419E-6,50.37705,46.746807,21.899914,0
31129010.52,,5905,6.85941,6.8877,-0.005,9.4E-6,6.93617,0.14008938,153.7497,0.2612,8.9258735,0.02246,162.67557,0.2612,0.4739252,25.750276,0.012574146,99.051276,0,0,1,,,,6.3715E-6,50.30409,48.110454,22.166368,0
31129192.42,,5905,6.861,6.8912,-0.005,9.3E-6,6.9412197,0.14368111,153.70917,0.1787,8.9420723,0.02245,162.65125,0.1787,1.222008,25.400159,0.010723774,99.182105,0,0,1,,,,6.4507E-6,51.50055,48.180531,22.144404,0
31129373.56,,5905,6.86171,6.8918,-0.005,9.3E-6,6.9415371,0.14283229,153.3332,0.1817,8.9427257,0.02245,162.27593,0.1817,0.81812461,25.336125,0.010751739,99.179731,0,0,1,,,,6.4522E-6,50.80032,48.184937,22.089229,0
31129735.28,,5905,6.96313,6.9935,-0.005,9.2E-6,7.0413289,0.14200737,158.05713,0.2293,9.2784531,0.02227,167.33559,0.2293,0.1595896,26.027817,0.012209766,99.097909,0,0,1,,,,6.4813E-6,50.67225,49.580313,22.44706,0
31129919.73,,5905,6.9648,6.9953,-0.005,9.3E-6,7.0461042,0.14589438,158.03301,0.2103,9.2931965,0.02226,167.32621,0.2103,0.48697049,25.648084,0.010713733,99.198606,0,0,1,,,,6.571E-6,52.05563,49.647585,22.428423,0
31130101.52,,5905,6.96568,6.9959,-0.005,9.4E-6,7.0464624,0.14445706,158.09664,0.2016,9.2947769,0.02225,167.39142,0.2016,0.74764129,25.582206,0.010831558,99.187467,0,0,1,,,,6.5911E-6,51.29617,49.652632,22.436314,0
31130465.73,,5905,7.06582,7.0962,-0.005,9.3E-6,7.1452928,0.14374952,162.75699,0.2636,9.6336984,0.02193,172.39069,0.2636,0.63085509,26.293903,0.012563727,99.087821,0,0,1,,,,6.6101E-6,51.16441,51.055209,22.778211,0
31130652.06,,5905,7.06772,7.0993,-0.005,9.4E-6,7.1503426,0.14763756,162.98225,0.1949,9.6508324,0.02192,172.63308,0.1949,10.457176,25.987349,0.011117133,99.184238,0,0,1,,,,6.6917E-6,52.58781,51.127399,22.793628,0
31130835.27,,5905,7.06837,7.1,-0.005,9.2E-6,7.1505959,0.14664958,162.96752,0.2081,9.6513306,0.02191,172.61885,0.2081,0.36893997,25.964619,0.011241284,99.174446,0,0,1,,,,6.6976E-6,51.9747,51.131021,22.790761,0
31131201.09,,5905,7.16915,7.1999,-0.005,9.4E-6,7.2562652,0.16516617,139.2981,1.202,10.023556,0.02153,149.32166,1.202,14.996481,24.076943,0.026351318,98.228843,0,0,1,,,,6.2993E-6,51.92924,52.653384,19.196942,0
31131374.66,,5905,7.17074,7.2009,-0.005,9.3E-6,7.2571755,0.16010671,138.94442,1.204,10.028167,0.02153,148.97259,1.204,67.935331,23.554445,0.021140893,98.554901,0,0,1,,,,6.4054E-6,48.15389,52.666596,19.145799,0
31131542.72,,5905,7.17173,7.2036,-0.005,9.4E-6,7.2573315,0.15786413,139.11754,1.212,10.02867,0.02153,149.14621,1.212,27.787832,23.413005,0.019494512,98.659055,0,0,1,,,,6.4456E-6,47.10889,52.66886,19.169242,0
31131890.13,,5905,7.27268,7.3056,-0.005,9.3E-6,7.3652475,0.16251043,128.91348,0.1268,10.40704,0.02122,139.32052,0.1268,0.11381513,20.679173,0.014718165,98.96256,0,0,1,,,,6.7978E-6,46.82601,54.246871,17.502939,0
31132041.66,,5905,7.27451,7.3067,-0.005,9.3E-6,7.3634374,0.15331214,128.82164,0.06254,10.403377,0.02122,139.22502,0.06254,0.36035061,20.484602,0.013257967,99.057548,0,0,1,,,,6.852E-6,41.35835,54.220211,17.49477,0
31132193.17,,5905,7.27524,7.3065,-0.005,9.3E-6,7.3640932,0.15264633,128.78004,0.07262,10.406874,0.02122,139.18691,0.07262,0.079190585,20.477443,0.013618019,99.03198,0,0,1,,,,6.854E-6,40.9692,54.229868,17.487562,0
31132519.77,,5905,7.37536,7.4081,-0.005,9.3E-6,7.4641324,0.15376044,128.98054,0.1185,10.769311,0.0211,139.74985,0.1185,0.15729996,20.286083,0.013661762,99.046686,0,0,1,,,,6.9455E-6,40.95489,55.713273,17.280044,0
31132669.28,,5905,7.37744,7.4105,-0.005,9.3E-6,7.4676381,0.15475252,128.91599,0.07429,10.781952,0.0211,139.69794,0.07429,0.45118417,20.106641,0.013060135,99.082071,0,0,1,,,,7.0027E-6,40.57217,55.765619,17.263289,0
31132817.23,,5905,7.37801,7.4095,-0.005,9.2E-6,7.4682702,0.15426965,128.84406,0.09861,10.785751,0.0211,139.62982,0.09861,0.080276659,20.181118,0.013360323,99.065046,0,0,1,,,,6.9745E-6,40.21328,55.775059,17.252197,0
31133142.44,,5905,7.47981,7.5132,-0.005,9.3E-6,7.5687737,0.15535287,129.90951,0.1349,11.155272,0.02123,141.06478,0.1349,0.50956602,20.175067,0.014264563,99.022447,0,0,1,,,,7.0506E-6,40.36224,57.286336,17.163878,0
31133290.64,,5905,7.48113,7.5127,-0.005,9.3E-6,7.572742,0.15681278,129.94155,0.08595,11.169711,0.02124,141.11126,0.08595,1.6362986,19.919695,0.012745765,99.116703,0,0,1,,,,7.1376E-6,40.35013,57.346421,17.159114,0
31133437.36,,5905,7.48181,7.5122,-0.005,9.4E-6,7.5733062,0.15583973,129.74361,0.07863,11.172811,0.02124,140.91642,0.07863,0.37569822,19.865725,0.013125299,99.089139,0,0,1,,,,7.1488E-6,39.83939,57.354967,17.1317,0
31133758.17,,5905,7.58254,7.6147,-0.005,9.4E-6,7.6721176,0.15635374,131.15486,0.1269,11.544164,0.02146,142.69902,0.1269,0.24661902,20.048929,0.014686025,99.008016,0,0,1,,,,7.1778E-6,39.73145,58.861389,17.095001,0
31133905.19,,5905,7.58408,7.6169,-0.005,9.3E-6,7.6765925,0.15870213,131.34336,0.07624,11.561056,0.02147,142.90441,0.07624,1.4626348,19.803204,0.012378014,99.154425,0,0,1,,,,7.2682E-6,40.09786,58.930072,17.109591,0
31134051.48,,5905,7.58522,7.6176,-0.005,9.4E-6,7.6769188,0.15780112,131.12559,0.0856,11.562002,0.02147,142.68759,0.0856,0.3216047,19.798692,0.013091335,99.106501,0,0,1,,,,7.2618E-6,39.60641,58.935083,17.080497,0
31134374.2,,5905,7.68639,7.7178,-0.005,9.3E-6,7.7772252,0.15838764,132.68991,0.1353,11.945444,0.02177,144.63535,0.1353,0.28723439,19.960146,0.014342365,99.045398,0,0,1,,,,7.305E-6,39.59738,60.485232,17.061344,0
31134521.09,,5905,7.68808,7.7182,-0.005,9.3E-6,7.7814009,0.16094077,132.66582,0.0971,11.961843,0.02178,144.62766,0.0971,1.119196,19.766214,0.013426123,99.099123,0,0,1,,,,7.3729E-6,39.92029,60.5502,17.049092,0
31134666.84,,5905,7.68945,7.7222,-0.005,9.2E-6,7.7820512,0.16000252,132.63642,0.09595,11.963833,0.02178,144.60026,0.09595,0.39532536,19.720754,0.013321407,99.104412,0,0,1,,,,7.3882E-6,39.53243,60.560321,17.04389,0
31134989.47,,5905,7.78911,7.82,-0.005,9.3E-6,7.8807939,0.16042138,134.18444,0.1386,12.348001,0.02215,146.53244,0.1386,0.35401819,19.915426,0.014782325,99.031735,0,0,1,,,,7.4181E-6,39.44151,62.106912,17.026766,0
31135137.36,,5905,7.79114,7.8237,-0.005,9.3E-6,7.8851939,0.16315688,134.15177,0.1018,12.365617,0.02217,146.51738,0.1018,0.74514025,19.729264,0.01353215,99.106967,0,0,1,,,,7.4825E-6,39.83085,62.176283,17.013122,0
31135284.36,,5905,7.79224,7.8254,-0.005,9.2E-6,7.885786,0.16214335,134.25646,0.1081,12.36737,0.02217,146.62383,0.1081,0.33538652,19.676477,0.013522888,99.104694,0,0,1,,,,7.5082E-6,39.45853,62.185621,17.02512,0
31135607.19,,5905,7.89292,7.9243,-0.005,9.2E-6,7.9858014,0.16238614,135.77245,0.1419,12.76307,0.02263,148.53552,0.1419,0.224274,19.808987,0.014444548,99.065711,0,0,1,,,,7.5575E-6,39.35295,63.773024,17.001731,0
31135753.03,,5905,7.89511,7.9254,-0.005,9.3E-6,7.9898436,0.16479616,135.78256,0.09331,12.779626,0.02265,148.56219,0.09331,1.7863266,19.662038,0.013858653,99.098022,0,0,1,,,,7.6133E-6,39.61797,63.837601,16.994395,0
31135897.69,,5905,7.89607,7.9274,-0.005,9.4E-6,7.9906682,0.16411252,135.97655,0.101,12.782578,0.02266,148.75913,0.101,0.30696386,19.650584,0.013623916,99.111985,0,0,1,,,,7.6269E-6,39.32408,63.850778,17.016919,0
31136219.67,,5905,7.99648,8.0275,-0.005,9.3E-6,8.0897714,0.16447484,137.5622,0.1428,13.181931,0.02321,150.74413,0.1428,0.39265663,19.81817,0.01508094,99.040233,0,0,1,,,,7.6678E-6,39.30117,65.444401,17.004461,0
31136364.94,,5905,7.99808,8.0279,-0.005,9.3E-6,8.0940333,0.16710359,137.55396,0.1074,13.199693,0.02324,150.75366,0.1074,1.357868,19.659378,0.014246134,99.087392,0,0,1,,,,7.7271E-6,39.63634,65.513375,16.994489,0
31136510.77,,5905,7.99914,8.0323,-0.005,9.4E-6,8.0948623,0.1663522,137.61635,0.111,13.202562,0.02324,150.81891,0.111,0.36910178,19.611415,0.013965125,99.103126,0,0,1,,,,7.7484E-6,39.31876,65.526796,17.000456,0
31141965.41,,5905,25.0091,25.0182,-0.005,9.4E-6,25.277671,0.51927083,259.6274,0.3573,167.51994,0.2305,427.14734,0.3573,0.94487119,15.755395,0.046966951,98.753458,0,0,1,,,,2.7238E-5,31.38946,638.96065,10.271017,0
31142103.3,,5905,24.9911,25.0244,-0.005,9.3E-6,25.25352,0.51397468,260.96269,0.5209,167.20652,0.2301,428.16921,0.5209,0.060700959,15.760128,0.049470576,98.68556,0,0,1,,,,2.7303E-5,31.51079,637.74026,10.333716,0
31142224.59,,5905,24.9948,25.0356,-0.005,9.3E-6,25.251222,0.51521216,261.21079,0.3689,167.19212,0.2301,428.40291,0.3689,1.9967655,15.986398,0.05749903,98.494228,0,0,1,,,,2.6951E-5,31.52026,637.62423,10.344481,0
31142694.5,,5905,27.2315,27.2763,-0.005,9.2E-6,27.489667,0.5404387,292.13364,0.4423,196.7593,0.2855,488.89294,0.4423,1.3391472,17.031828,0.068563116,98.333891,0,0,1,,,,2.8879E-5,31.9728,755.68179,10.627034,0
31142823.59,,5905,27.2354,27.2736,-0.005,9.4E-6,27.516927,0.56625109,292.871,0.4397,197.12199,0.2865,489.99299,0.4397,6.9387705,17.035134,0.067540682,98.358714,0,0,1,,,,2.8936E-5,34.06366,757.18125,10.643303,0
31142953.39,,5905,27.2425,27.266,-0.005,9.4E-6,27.527445,0.5658941,292.65988,0.4086,197.25688,0.2868,489.91676,0.4086,2.479859,16.913571,0.061779351,98.487821,0,0,1,,,,2.9125E-5,34.07027,757.76023,10.631567,0
31143583.33,,5905,29.6734,29.7022,-0.005,9.4E-6,29.966602,0.58399488,328.03174,0.5231,231.44565,0.3689,559.47738,0.5231,0.21776168,17.767477,0.064376814,98.513006,0,0,1,,,,3.1653E-5,33.82714,897.99723,10.946578,0
31143718.47,,5905,29.6712,29.7039,-0.005,9.4E-6,29.975343,0.60840921,329.0721,0.503,231.56674,0.3691,560.63884,0.503,0.77332284,17.960285,0.068954993,98.424024,0,0,1,,,,3.1388E-5,35.53495,898.52117,10.978093,0
31143852.28,,5905,29.6775,29.7024,-0.005,9.3E-6,29.981151,0.61220886,329.2951,0.5066,231.65676,0.3692,560.95186,0.5066,1.1718964,17.991989,0.070799316,98.384829,0,0,1,,,,3.1355E-5,35.92057,898.86944,10.983404,0
31144614.91,,5905,32.3366,32.3756,-0.005,9.2E-6,32.63707,0.64102828,371.74659,0.9976,269.8413,0.408,641.58789,0.9976,0.13426837,19.786775,0.10410025,97.856021,0,0,1,,,,3.2665E-5,35.98398,1065.1783,11.390317,0
31144762.47,,5905,32.3366,32.3551,-0.005,9.2E-6,32.677491,0.68085755,370.3842,0.5717,270.33771,0.4087,640.72191,0.5717,0.36915182,18.998697,0.070869886,98.478231,0,0,1,,,,3.3899E-5,39.57355,1067.8184,11.334536,0
31144903.31,,5905,32.3311,32.3528,-0.005,9.4E-6,32.663744,0.6643693,370.34349,0.5961,270.16657,0.4085,640.51006,0.5961,0.23411306,19.023965,0.074885195,98.394445,0,0,1,,,,3.3853E-5,37.99739,1066.9202,11.33806,0
31145568.44,,5905,35.2165,35.2817,-0.005,9.3E-6,35.543874,0.69405081,412.24538,0.9268,314.81548,0.4987,727.06086,0.9268,0.030234751,20.081344,0.081080143,98.364917,0,0,1,,,,3.64E-5,38.04793,1263.367,11.598212,0
31145715,,5905,35.2309,35.2593,-0.005,9.3E-6,35.585173,0.72921203,412.41045,0.8418,315.51682,0.5002,727.92727,0.8418,0.26437607,20.610737,0.10109147,98.016666,0,0,1,,,,3.5548E-5,40.16269,1266.3046,11.58939,0
31145865.45,,5905,35.2271,35.2475,-0.005,9.3E-6,35.597988,0.73691242,412.09855,0.6744,315.66649,0.5005,727.76504,0.6744,0.24421121,20.163126,0.080567313,98.382453,0,0,1,,,,3.6285E-5,41.22147,1267.2168,11.576456,0
31146537.67,,5905,38.3755,38.4049,-0.005,9.4E-6,38.747807,0.75982979,455.75114,0.7438,367.07381,0.5601,822.82495,0.7438,0.20948611,21.175919,0.085290305,98.380083,0,0,1,,,,3.9054E-5,40.32625,1501.3926,11.761985,0
31146693.78,,5905,38.3746,38.4091,-0.005,9.4E-6,38.758364,0.792691,457.07223,0.7526,367.2695,0.5602,824.34174,0.7526,0.36296722,21.476667,0.097360171,98.177628,0,0,1,,,,3.8603E-5,42.35184,1502.2108,11.792867,0
31146850.52,,5905,38.3745,38.4032,-0.005,9.4E-6,38.770762,0.79944965,456.88354,0.7149,367.48772,0.5603,824.37126,0.7149,1.1718,21.483021,0.096374631,98.196694,0,0,1,,,,3.8591E-5,42.95333,1503.172,11.784229,0
31147546.64,,5905,41.7991,41.8625,-0.005,9.2E-6,42.190207,0.83147575,502.20577,1.125,426.46047,0.6016,928.66624,1.125,0.030824678,22.343425,0.095951413,98.282945,0,0,1,,,,4.1777E-5,42.96604,1780.0136,11.903373,0
31147707.67,,5905,41.8141,41.8385,-0.005,9.4E-6,42.229194,0.86620634,503.43522,0.9259,427.21323,0.6023,930.64845,0.9259,0.48259874,23.05018,0.12448781,97.844324,0,0,1,,,,4.0637E-5,44.68685,1783.3048,11.921497,0
31147871.83,,5905,41.8095,41.828,-0.005,9.2E-6,42.250624,0.87871557,502.68745,0.8249,427.53405,0.6026,930.2215,0.8249,0.1984717,22.573903,0.10061153,98.218656,0,0,1,,,,4.1427E-5,46.10036,1785.1153,11.897752,0
31148600.59,,5905,45.541,45.6033,-0.005,9.3E-6,45.966137,0.900972,545.75419,1.263,496.11328,0.6657,1041.8675,1.263,0.041493419,23.276799,0.092151454,98.424022,0,0,1,,,,4.4957E-5,45.14781,2112.8858,11.872962,0
31148769.69,,5905,45.5539,45.5838,-0.005,9.3E-6,45.990972,0.93702771,549.82084,1.075,496.70963,0.6662,1046.5305,1.075,0.47809042,24.484514,0.14638599,97.627523,0,0,1,,,,4.3031E-5,46.5536,2115.1695,11.954973,0
31148942.84,,5905,45.5528,45.5668,-0.005,9.2E-6,46.028395,0.95965603,548.1853,0.8826,497.31661,0.6668,1045.5019,0.8826,0.24849558,23.80216,0.11142042,98.138699,0,0,1,,,,4.4155E-5,48.96903,2118.6132,11.90972,0
31149689.38,,5905,49.6191,49.6631,-0.005,9.3E-6,50.083484,0.98099152,589.01756,1.065,578.05501,0.7366,1167.0726,1.065,0.15091463,24.555908,0.10174815,98.355724,0,0,1,,,,4.773E-5,47.60432,2508.3553,11.760715,0
31149864.45,,5905,49.6259,49.665,-0.005,9.3E-6,50.092781,1.0172869,595.35014,1.039,578.42752,0.7369,1173.7777,1.039,4.4628957,25.723413,0.16274068,97.499263,0,0,1,,,,4.5934E-5,49.11182,2509.2867,11.884949,0
31150045.13,,5905,49.6278,49.6397,-0.005,9.2E-6,50.138781,1.0413157,592.88844,0.9298,579.26816,0.7376,1172.1566,0.9298,0.53312687,25.124912,0.1265066,98.005149,0,0,1,,,,4.6897E-5,51.44683,2513.8974,11.824947,0
31150817.63,,5905,54.0581,54.0986,-0.005,9.3E-6,54.565055,1.0662613,632.8128,0.9715,675.21116,0.8107,1308.024,0.9715,0.89570398,26.069919,0.12322853,98.126021,0,0,1,,,,5.0399E-5,50.24982,2977.3452,11.597401,0
31151001.47,,5905,54.062,54.1066,-0.005,9.4E-6,54.568942,1.1060991,638.86811,1.121,675.40513,0.8109,1314.2732,1.121,0.7232456,26.835707,0.16834761,97.521305,0,0,1,,,,4.9271E-5,52.13984,2977.7695,11.707541,0
31151190.02,,5905,54.0667,54.0833,-0.005,9.4E-6,54.613111,1.1232047,636.66335,0.9956,676.3499,0.8116,1313.0133,0.9956,1.0141647,26.539327,0.1478652,97.795204,0,0,1,,,,4.9738E-5,53.67141,2982.5919,11.657702,0
31151997.89,,5905,58.9005,58.9281,-0.005,9.3E-6,59.439521,1.1591846,675.34522,1.057,790.88785,0.9139,1466.2331,1.057,3.0379837,27.636347,0.14862918,97.861838,0,0,1,,,,5.3302E-5,53.07865,3533.0567,11.361889,0
31152220.56,,5905,58.8964,58.9445,-0.005,9.3E-6,59.443942,1.2030016,680.86747,1.142,791.09446,0.9141,1471.9619,1.142,7.4674002,28.195789,0.18613591,97.383946,0,0,1,,,,5.2507E-5,55.27269,3533.5822,11.453942,0
31152417.61,,5905,58.9021,58.9202,-0.005,9.3E-6,59.486324,1.2147036,679.1273,1.111,792.07252,0.9151,1471.1998,1.111,1.3150339,27.927639,0.16535237,97.649588,0,0,1,,,,5.2951E-5,56.39158,3538.6227,11.416528,0
31153168.41,,5905,64.1764,64.1975,-0.005,9.3E-6,64.737259,1.2567182,718.07663,1.56,929.11115,1.077,1647.1878,1.56,0.19731543,29.556548,0.19874782,97.310708,0,0,1,,,,5.6025E-5,55.85528,4190.9127,11.092169,0
31153404.42,,5905,64.1626,64.2121,-0.005,9.3E-6,64.762855,1.3114737,721.27172,1.352,929.67038,1.078,1650.9421,1.352,0.30736696,29.318316,0.17957426,97.547879,0,0,1,,,,5.6583E-5,59.1131,4194.2273,11.137121,0
31153609.56,,5905,64.1714,64.1892,-0.005,9.2E-6,64.784896,1.3067704,721.09447,1.274,930.36191,1.079,1651.4564,1.274,3.176722,29.530522,0.19451196,97.365672,0,0,1,,,,5.6214E-5,58.63663,4197.0828,11.130595,0
31154369.38,,5905,69.9207,69.9522,-0.005,9.3E-6,70.519204,1.3651502,758.13596,1.968,1094.03,1.284,1852.166,1.968,0.16103214,31.316807,0.23997973,96.895649,0,0,1,,,,5.9463E-5,59.06104,4972.9581,10.750773,0
31154585.61,,5905,69.9052,69.9515,-0.005,9.3E-6,70.567504,1.4232751,756.45658,1.822,1095.2775,1.285,1851.7341,1.822,0.07696685,30.593988,0.17327445,97.691958,0,0,1,,,,6.0766E-5,62.63361,4979.7726,10.719617,0
31154797.39,,5905,69.9083,69.9508,-0.005,9.3E-6,70.563291,1.4075437,759.77764,1.552,1095.2875,1.285,1855.0651,1.552,0.52258699,31.095432,0.21592589,97.181994,0,0,1,,,,5.9949E-5,61.18798,4979.1781,10.767321,0
31155556.78,,5905,76.1783,76.2129,-0.005,9.4E-6,76.804626,1.4768351,792.03962,2.511,1288.8192,1.455,2080.8588,2.511,0.11647384,33.153292,0.28009448,96.504912,0,0,1,,,,6.3097E-5,62.19086,5898.9505,10.312395,0
31155782.97,,5905,76.1561,76.1968,-0.005,9.3E-6,76.880882,1.5466598,790.69797,1.824,1291.1007,1.457,2081.7987,1.824,0.18838055,32.353482,0.20032795,97.419484,0,0,1,,,,6.4593E-5,66.30658,5910.67,10.284715,0
31156005.69,,5905,76.1566,76.2103,-0.005,9.2E-6,76.868059,1.5256348,792.73227,1.994,1290.7426,1.457,2083.4749,1.994,0.11296465,32.528993,0.21845613,97.207249,0,0,1,,,,6.4318E-5,64.70696,5908.6985,10.312896,0
31156758.86,,5905,82.9895,83.0288,-0.005,9.4E-6,83.637147,1.5694872,836.34671,5.286,1519.5385,1.569,2355.8852,5.047,0.25213683,34.473982,0,100,0,0,1,,,,6.8338E-5,65.05799,6995.1724,9.999704,0
31156995.2,,5905,82.9818,82.9946,-0.005,9.3E-6,83.734261,1.6626057,824.13977,1.828,1522.7443,1.571,2346.8841,1.828,0.81579275,34.482689,0.25873459,96.786347,0,0,1,,,,6.8341E-5,68.94796,7011.4264,9.8423245,0
31157230.88,,5905,82.9666,83.0024,-0.005,9.3E-6,83.744548,1.661315,821.97688,2.281,1522.9769,1.571,2344.9538,2.281,0.081576229,34.0789,0.2131665,97.308069,0,0,1,,,,6.9045E-5,68.96538,7013.1493,9.8152883,0
31157940.22,,5905,90.405,90.4585,-0.005,9.3E-6,91.087897,1.6892131,869.61158,5.615,1796.5598,1.773,2666.1714,5.328,0.23242729,36.355132,0,100,0,0,1,,,,7.3337E-5,68.1578,8297.0049,9.5469498,0
31158188.63,,5905,90.3993,90.4417,-0.005,9.3E-6,91.197051,1.7966159,858.33846,2.002,1800.5212,1.776,2658.8596,2.002,1.7472423,36.45114,0.29209061,96.437532,0,0,1,,,,7.3226E-5,72.71026,8316.9022,9.4119102,0
31158437.61,,5905,90.4013,90.4295,-0.005,9.2E-6,91.230577,1.7998361,856.97777,2.142,1801.7707,1.777,2658.7485,2.142,0.36389827,36.270586,0.2666644,96.721354,0,0,1,,,,7.3563E-5,72.90228,8323.0183,9.3935366,0
31159174.94,,5905,98.4961,98.5395,-0.005,9.3E-6,99.235843,1.8625569,886.81618,4.112,2122.0664,1.991,3008.8826,4.112,0.093616768,39.181177,0.44110024,94.81535,0,0,1,,,,7.7163E-5,72.54117,9847.7525,8.9364503,0
31159438.03,,5905,98.4876,98.5238,-0.005,9.3E-6,99.367996,1.968501,888.02032,2.221,2127.0862,1.994,3015.1066,2.221,2.2536227,38.422658,0.32386842,96.074579,0,0,1,,,,7.8753E-5,78.36235,9873.9986,8.9366834,0
31159697,,5905,98.4815,98.5092,-0.005,9.3E-6,99.391914,1.9463964,886.19832,2.479,2127.9794,1.994,3014.1777,2.479,0.24249188,38.174375,0.28230062,96.539092,0,0,1,,,,7.9205E-5,76.84532,9878.7526,8.9162013,0
31160502.06,,5905,107.305,107.364,-0.005,9.3E-6,108.12451,2.0105779,908.28441,4.521,2497.873,2.233,3406.1574,4.521,0.093795666,41.166014,0.49140542,94.198709,0,0,1,,,,8.3109E-5,76.34875,11690.909,8.4003566,0
31160777.42,,5905,107.292,107.362,-0.005,9.3E-6,108.24999,2.1245948,909.02586,2.628,2502.8187,2.237,3411.8446,2.628,0.39686564,40.25916,0.3236321,96.026978,0,0,1,,,,8.4998E-5,82.33203,11718.061,8.397468,0
31161045.89,,5905,107.294,107.357,-0.005,9.2E-6,108.27053,2.0995371,909.2048,2.828,2503.844,2.238,3413.0488,2.828,0.22048968,40.335342,0.3263346,96.001867,0,0,1,,,,8.4869E-5,80.51832,11722.507,8.397528,0
31161922.53,,5905,116.894,116.931,-0.005,9.3E-6,117.77853,2.1714909,929.61388,4.771,2926.5316,2.54,3856.1455,4.771,0.092792399,43.137963,0.50747135,93.915255,0,0,1,,,,8.9732E-5,80.67068,13871.782,7.8928978,0
31162252.88,,5905,116.897,116.921,-0.005,9.3E-6,117.90908,2.2915284,927.26902,2.677,2931.9416,2.542,3859.2107,2.677,32.001978,42.400024,0.34087854,95.760722,0,0,1,,,,9.1254E-5,86.27593,13902.552,7.8642712,0
31162534.77,,5905,116.893,116.919,-0.005,9.3E-6,117.92249,2.2681375,930.91221,3.263,2932.6983,2.542,3863.6105,3.263,0.18836827,42.470048,0.34466783,95.729873,0,0,1,,,,9.121E-5,84.80005,13905.714,7.8942718,0
31163192,,5905,127.384,127.422,-0.005,9.3E-6,128.28313,2.3581061,950.09836,5.044,3409.3177,2.651,4359.4161,5.044,0.10600611,45.350532,0.59166762,92.840676,0,0,1,,,,9.6484E-5,84.9401,16456.562,7.406261,0
31163491.84,,5905,127.355,127.385,-0.005,9.3E-6,128.43773,2.4791967,952.80706,3.115,3415.9279,2.653,4368.7349,3.115,0.46918578,44.611753,0.39459543,95.045473,0,0,1,,,,9.8173E-5,90.70106,16496.251,7.4184357,0
31163788.28,,5905,127.346,127.38,-0.005,9.2E-6,128.46459,2.4571657,948.79249,3.69,3417.1687,2.653,4365.9611,3.69,0.11403586,44.322699,0.32792096,95.814942,0,0,1,,,,9.8709E-5,89.22351,16503.15,7.3856345,0
31164511.8,,5905,138.773,138.838,-0.005,9.2E-6,139.78835,2.5526303,964.85697,6.655,3947.4094,2.882,4912.2664,6.655,0.071589696,47.346822,0.66378601,91.789775,0,0,1,,,,0.00010411,88.6454,19540.782,6.9022704,0
31164872.11,,5905,138.75,138.8,-0.005,9.2E-6,139.96111,2.690663,964.17037,3.092,3954.9494,2.885,4919.1198,3.092,2.9009068,46.519414,0.43170992,94.414441,0,0,1,,,,0.00010599,94.69364,19589.113,6.8888447,0
31165179.17,,5905,138.75,138.791,-0.005,9.4E-6,139.99615,2.6610557,962.45253,4.09,3956.4345,2.886,4918.887,4.09,0.10516729,46.096099,0.3085233,95.907813,0,0,1,,,,0.00010688,93.03883,19598.921,6.8748501,0
31165964.69,,5905,151.173,151.263,-0.005,9.3E-6,152.3047,2.7591709,990.63563,6.878,4535.657,3.044,5526.2926,6.878,0.088420584,49.023748,0.77038411,90.28839,0,0,1,,,,0.00011312,92.1922,23196.72,6.5043013,0
31166335.56,,5905,151.165,151.225,-0.005,9.4E-6,152.4958,2.9097209,982.13249,3.283,4543.8749,3.045,5526.0074,3.283,1.9269324,47.957283,0.43414124,94.145082,0,0,1,,,,0.00011546,98.0475,23254.97,6.4403903,0
31166700.77,,5905,151.159,151.204,-0.005,9.4E-6,152.51373,2.8711453,983.33574,3.22,4544.6615,3.045,5527.9972,3.22,2.0303106,47.718291,0.36712712,94.986,0,0,1,,,,0.00011604,95.91457,23260.437,6.4475229,0
31167550.23,,5905,164.689,164.708,-0.005,9.4E-6,165.92372,3.0025378,1005.7108,6.7,5165.2125,3.208,6170.9233,6.7,0.10484647,49.959173,0.79269688,89.521524,0,0,1,,,,0.00012391,95.43658,27530.682,6.0612842,0
31167928.98,,5905,164.69,164.671,-0.005,9.3E-6,166.10404,3.1437472,1002.001,3.314,5172.6943,3.211,6174.6954,3.314,42.183497,49.043973,0.42715585,93.959543,0,0,1,,,,0.00012612,99.91835,27590.553,6.0323701,0
31168300.28,,5905,164.676,164.663,-0.005,9.3E-6,166.12313,3.1141596,995.81848,3.645,5173.3491,3.211,6169.1676,3.645,0.43389239,48.609185,0.28960674,95.774806,0,0,1,,,,0.00012706,98.08795,27596.893,5.9944603,0
31169146.22,,5905,179.436,179.424,-0.005,9.3E-6,180.76522,3.2605161,1018.7451,8.491,5828.3093,3.459,6847.0543,8.491,0.082769245,50.813595,0.92047988,87.415472,0,0,1,,,,0.00013519,97.21837,32676.064,5.6357362,0
31169530.8,,5905,179.41,179.392,-0.005,9.2E-6,180.966,3.4218926,1014.2449,3.577,5836.2042,3.459,6850.4491,3.577,7.8919514,49.629569,0.37500382,94.33396,0,0,1,,,,0.00013821,101.6272,32748.693,5.6046155,0
31169907.17,,5905,179.413,179.381,-0.005,9.3E-6,180.95978,3.3364869,1021.7674,6.011,5836.4616,3.459,6858.229,4.916,0.47387273,49.195337,0,100,0,0,1,,,,0.00013941,99.25914,32746.444,5.6463785,0
31170809.52,,5905,195.478,195.447,-0.005,9.4E-6,196.98477,3.5353901,1029.5793,7.581,6527.8824,3.564,7557.4617,7.581,0.09668931,50.426139,0.72615643,89.051736,0,0,1,,,,0.00015022,98.39067,38802.998,5.226695,0
31171191.98,,5905,195.464,195.425,-0.005,9.3E-6,197.12613,3.6280987,1038.1878,6.896,6534.2167,3.569,7572.4045,5.9,3.0347384,49.389556,0,100,0,0,1,,,,0.00015332,100.8523,38858.712,5.2666169,0
31171567.66,,5905,195.461,195.418,-0.005,9.2E-6,197.12636,3.5839644,1027.441,5.956,6534.2363,3.569,7561.6773,4.768,0.68436427,49.112574,0,100,0,0,1,,,,0.00015397,98.77911,38858.804,5.2120934,0
31172417.5,,5905,212.982,212.941,-0.005,9.4E-6,214.61921,3.7683423,997.62523,9.918,7364.9978,4.964,8362.623,9.918,0.11571539,50.354561,1.3775412,79.215122,0,0,1,,,,0.00016671,98.22515,46061.407,4.64835,0
31172749,,5905,212.956,212.912,-0.005,9.3E-6,214.79017,3.886843,999.96689,9.033,7372.2126,4.975,8372.1795,7.54,0.16685743,48.702392,0,100,0,0,1,,,,0.0001719,100.7091,46134.819,4.6555523,0
31173120.66,,5905,212.924,212.914,-0.005,9.2E-6,214.77235,3.851719,990.14772,5.347,7371.0303,4.973,8361.178,5.347,0.92666543,48.938383,0.45912197,91.73527,0,0,1,,,,0.00017107,97.40478,46127.162,4.6102197,0
31173922.38,,5905,232.031,231.992,-0.005,9.3E-6,233.82032,4.058143,1090.8503,10.38,8167.3358,4.439,9258.186,10.38,0.082563527,49.050562,0.93791556,84.393499,0,0,1,,,,0.00018924,97.87677,54671.942,4.6653356,0
31174295.3,,5905,231.995,231.966,-0.005,9.3E-6,233.94871,4.1180139,1089.1644,7.658,8172.2526,4.428,9261.417,6.247,0.70072582,47.935952,0,100,0,0,1,,,,0.0001932,98.10112,54731.997,4.6555693,0
31174660.17,,5905,232.001,231.959,-0.005,9.2E-6,233.92564,4.0651314,1088.7004,7.256,8171.4461,4.43,9260.1465,5.747,0.21730147,47.894192,0,100,0,0,1,,,,0.00019335,95.8719,54721.204,4.6540447,0
31175413.56,,5905,252.775,252.687,-0.005,9.3E-6,254.68297,4.3868767,1075.2256,11.76,8936.0098,4.716,10011.235,11.76,0.087948801,47.259066,1.1360814,79.855841,0,0,1,,,,0.00021247,95.78838,64863.415,4.2218198,0
31175772.55,,5905,252.761,252.659,-0.005,9.4E-6,254.78724,4.4233499,1065.2136,7.226,8939.6607,4.728,10004.874,5.464,0.38889809,46.219374,0,100,0,0,1,,,,0.00021646,94.51813,64916.537,4.1807964,0
31176124.44,,5905,252.754,252.645,-0.005,9.3E-6,254.75305,4.3740497,1071.5143,6.866,8938.6345,4.725,10010.149,4.982,0.10008517,46.389003,0,100,0,0,1,,,,0.00021579,92.43875,64899.118,4.2060902,0
31176874.17,,5905,275.398,275.237,-0.005,9.2E-6,277.41832,4.6727511,1177.1016,11.71,9678.5894,6.676,10855.691,11.71,0.22038068,44.971288,1.8087404,70.406105,0,0,1,,,,0.00024263,92.77801,76960.927,4.2430563,0
